XBR5Z13N	0xy6uchi95fzqp	-50.0	-28.867513459481287	-500.0	0	0
P1OJ4F3A	0x3dcx5ppx2a5t	-50.0	-28.867513459481287	-447.36842105263156	0	1
LB9Z66B8	0xltc7v9bec1m0	-50.0	-28.867513459481287	-394.7368421052632	0	2
2XLHF88C	0xk31h2of0vydk	-50.0	-28.867513459481287	-342.10526315789474	0	3
0YTR8ZLY	0x5c9nci5byo5z	-50.0	-28.867513459481287	-289.47368421052636	0	4
BN1SQ8AF	0x5rw7eanw6axd	-50.0	-28.867513459481287	-236.84210526315792	0	5
JG4QX5D6	0xo68myrpsr6mw	-50.0	-28.867513459481287	-184.21052631578948	0	6
ZQSVF7VC	0x4pjya1ry0ks3	-50.0	-28.867513459481287	-131.5789473684211	0	7
2NJQHM5E	0xj9t02nyny1da	-50.0	-28.867513459481287	-78.94736842105266	0	8
1X7V5PUH	0x4ay7g0stuqbo	-50.0	-28.867513459481287	-26.31578947368422	0	9
KILJLBMT	0x38vceqjhl1th	-50.0	-28.867513459481287	26.315789473684163	0	10
1SGBJDSM	0xsfjxatldvi00	-50.0	-28.867513459481287	78.9473684210526	0	11
9K6NP5PB	0xg71fzhw64szn	-50.0	-28.867513459481287	131.57894736842104	0	12
N05I1SV1	0xo9lwvxqaasnu	-50.0	-28.867513459481287	184.21052631578948	0	13
GJ9QAJKY	0x9hon75zrclc6	-50.0	-28.867513459481287	236.8421052631578	0	14
B5TFNQSW	0xm3a2n0u6ydkv	-50.0	-28.867513459481287	289.47368421052624	0	15
U3ANFPU2	0x3qyir8y2p0gw	-50.0	-28.867513459481287	342.1052631578947	0	16
6BYO1WQV	0x6pzsxtchqn8g	-50.0	-28.867513459481287	394.7368421052631	0	17
WSKY7JC9	0xcrmift6h1sh9	-50.0	-28.867513459481287	447.36842105263156	0	18
4F6EOX42	0xrubod5xso5c9	-50.0	-28.867513459481287	500.0	0	19
OHA2EAUG	0x0kyk74pfe7gk	50.0	-28.867513459481287	-500.0	1	0
DV07EDZO	0x0wt5gldtvw0u	50.0	-28.867513459481287	-447.36842105263156	1	1
7V9VFAXJ	0xbrm2t5hlf3n7	50.0	-28.867513459481287	-394.7368421052632	1	2
ZA8K9G16	0xj42nbl03k2j1	50.0	-28.867513459481287	-342.10526315789474	1	3
AVD2SELW	0xztqgwcq1i0ot	50.0	-28.867513459481287	-289.47368421052636	1	4
O5F3K7NX	0xccnk67dsa4vq	50.0	-28.867513459481287	-236.84210526315792	1	5
4DD1H6ZH	0xri6xtv14t0ge	50.0	-28.867513459481287	-184.21052631578948	1	6
6ADWYYR4	0x7ct5bus1arur	50.0	-28.867513459481287	-131.5789473684211	1	7
5VCGSQOM	0xwlr39oihy03d	50.0	-28.867513459481287	-78.94736842105266	1	8
YOHQ4371	0xepzpa9xhm5nm	50.0	-28.867513459481287	-26.31578947368422	1	9
4QHXC8WH	0xrvlrkfcmm6ue	50.0	-28.867513459481287	26.315789473684163	1	10
WGCFEDI0	0xii341cta5p9q	50.0	-28.867513459481287	78.9473684210526	1	11
0WLZ4YC6	0xfsrym05kqijz	50.0	-28.867513459481287	131.57894736842104	1	12
5ABCFDJP	0xt5lw65z5v86c	50.0	-28.867513459481287	184.21052631578948	1	13
YQA5MYI4	0xgd9hozuq79e2	50.0	-28.867513459481287	236.8421052631578	1	14
I3Q3FTVC	0xuohsqrcbe5ij	50.0	-28.867513459481287	289.47368421052624	1	15
Q8ZM6XBM	0x0ar7y6gryh0n	50.0	-28.867513459481287	342.1052631578947	1	16
N10LM7M1	0x5bapd0qkzg4b	50.0	-28.867513459481287	394.7368421052631	1	17
SATTQVVR	0x8smtbuxykqvi	50.0	-28.867513459481287	447.36842105263156	1	18
B1CEUXVN	0xfzntzo00lwsk	50.0	-28.867513459481287	500.0	1	19
8ZTJUIHC	0x5wbufo6o3bb5	0.0	57.735026918962575	-500.0	2	0
NTF9C222	0x1akkowgcs0in	0.0	57.735026918962575	-447.36842105263156	2	1
O8H8CVWD	0xe5jyg68gf55x	0.0	57.735026918962575	-394.7368421052632	2	2
Z0ECW6SE	0xwim1e2oufkev	0.0	57.735026918962575	-342.10526315789474	2	3
Z09214RK	0x73v75hn6knm2	0.0	57.735026918962575	-289.47368421052636	2	4
I3SXWFQU	0xrri8avywyeo3	0.0	57.735026918962575	-236.84210526315792	2	5
7M1HE8DT	0xu0neg3kg4apl	0.0	57.735026918962575	-184.21052631578948	2	6
4LMYOOP7	0xvoi2x7ndy1bl	0.0	57.735026918962575	-131.5789473684211	2	7
PCUWZOMS	0xe860eg6iwd5b	0.0	57.735026918962575	-78.94736842105266	2	8
TKAXD1Z9	0xzyxkqn4i3uzw	0.0	57.735026918962575	-26.31578947368422	2	9
9RW6ZKPJ	0xue1tkb34yt8o	0.0	57.735026918962575	26.315789473684163	2	10
EL1HJ5N4	0xkkk13ipcg8ix	0.0	57.735026918962575	78.9473684210526	2	11
2DXJ1H5S	0xigbr4np3ej8u	0.0	57.735026918962575	131.57894736842104	2	12
0J3EU3OZ	0x6ddcddi4x1zc	0.0	57.735026918962575	184.21052631578948	2	13
3DXJAQAB	0x5xefok2yrdjk	0.0	57.735026918962575	236.8421052631578	2	14
UMW0OOMS	0xtq73n7k9x4ls	0.0	57.735026918962575	289.47368421052624	2	15
RTYZ0LZU	0xy2ehhavwyzd6	0.0	57.735026918962575	342.1052631578947	2	16
8ZT0I3MZ	0xxsc91cmq6h1d	0.0	57.735026918962575	394.7368421052631	2	17
D7N8BVFX	0xizd8cnmrg0pl	0.0	57.735026918962575	447.36842105263156	2	18
PDW31WRJ	0xixz8c86h9ixz	0.0	57.735026918962575	500.0	2	19
