ZY85U0BG	0x107581ddd170	19.484025411190597	-41.80879069094179	-138.0	1	0
9BXKERKI	0x48d49c738733	19.484025411190597	-41.80879069094179	-134.96703296703296	1	1
SZDCUDX5	0x6a99eb571b8b	19.484025411190597	-41.80879069094179	-131.93406593406593	1	2
TPCHA9RZ	0xe83171f50cb9	19.484025411190597	-41.80879069094179	-128.9010989010989	1	3
YB9XLSBW	0x3f2da0d69d6b	19.484025411190597	-41.80879069094179	-125.86813186813187	1	4
3LF57KZQ	0x37492d202147	19.484025411190597	-41.80879069094179	-122.83516483516483	1	5
8RVQRU3E	0xd82a17059677	19.484025411190597	-41.80879069094179	-119.80219780219781	1	6
5WYDLNU4	0x6fea52e39aea	19.484025411190597	-41.80879069094179	-116.76923076923077	1	7
JK2AWZN9	0x44c1c0269b1d	19.484025411190597	-41.80879069094179	-113.73626373626374	1	8
SCQCAOY0	0xc9196578b8c3	19.484025411190597	-41.80879069094179	-110.7032967032967	1	9
AIQBMZ2X	0xa312781b7987	19.484025411190597	-41.80879069094179	-107.67032967032966	1	10
MPIGCQAC	0xc1b7b89b8d95	19.484025411190597	-41.80879069094179	-104.63736263736264	1	11
F99ZFGU5	0xd8f6cd0c0301	19.484025411190597	-41.80879069094179	-101.6043956043956	1	12
Y56P108O	0x0bfc54471bfb	19.484025411190597	-41.80879069094179	-98.57142857142857	1	13
ENP2NR81	0x50afe1926026	19.484025411190597	-41.80879069094179	-95.53846153846155	1	14
MLUJY6OK	0x0e23bdeb1518	19.484025411190597	-41.80879069094179	-92.50549450549451	1	15
WKTJI9IT	0x0a207e61805f	19.484025411190597	-41.80879069094179	-89.47252747252747	1	16
CVKY84D7	0xc294b3a50dd4	19.484025411190597	-41.80879069094179	-86.43956043956044	1	17
U0QDHVAQ	0x843417136390	19.484025411190597	-41.80879069094179	-83.4065934065934	1	18
YGGXLRCR	0xa9e5eb3a42c8	19.484025411190597	-41.80879069094179	-80.37362637362638	1	19
92XB4QUZ	0x343de9c905a5	19.484025411190597	-41.80879069094179	-77.34065934065934	1	20
5XVGK2A6	0x3d302525c932	19.484025411190597	-41.80879069094179	-74.3076923076923	1	21
OQ08RBNY	0x2f6aff896b2f	19.484025411190597	-41.80879069094179	-71.27472527472528	1	22
2UNMINXQ	0x096758d859eb	19.484025411190597	-41.80879069094179	-68.24175824175825	1	23
OI4MFFWE	0x762c672a3812	19.484025411190597	-41.80879069094179	-65.20879120879121	1	24
Q9PV1F0R	0xcbf1af9447e1	19.484025411190597	-41.80879069094179	-62.175824175824175	1	25
WSOYHSH5	0x0df5d95228e5	19.484025411190597	-41.80879069094179	-59.14285714285714	1	26
EL5ESZGZ	0xe544e685b598	19.484025411190597	-41.80879069094179	-56.10989010989012	1	27
A3YFV1H5	0x9af5e8a303e1	19.484025411190597	-41.80879069094179	-53.07692307692308	1	28
9MU6DMBD	0x7afa4bf001b6	19.484025411190597	-41.80879069094179	-50.043956043956044	1	29
ITJGY7DM	0xa2a159183493	19.484025411190597	-41.80879069094179	-47.01098901098902	1	30
0VOKWUTP	0x10d1100e1abc	19.484025411190597	-41.80879069094179	-43.978021978021985	1	31
I7DZ8ARV	0x60f2269766bc	19.484025411190597	-41.80879069094179	-40.94505494505495	1	32
0XICHNO6	0xfb48d5b74454	19.484025411190597	-41.80879069094179	-37.91208791208791	1	33
G3JBQFIU	0x39267989b314	19.484025411190597	-41.80879069094179	-34.879120879120876	1	34
SKO4RR46	0x368ee6352616	19.484025411190597	-41.80879069094179	-31.846153846153854	1	35
5WC2FSTE	0xe7e2e90bd0dd	19.484025411190597	-41.80879069094179	-28.813186813186817	1	36
RU4OBR0Z	0xb6bfee3c2bc5	19.484025411190597	-41.80879069094179	-25.78021978021978	1	37
D8HL1FYZ	0xb31f4d7e2700	19.484025411190597	-41.80879069094179	-22.74725274725276	1	38
MMA4GJ8U	0x9d1bb594a383	19.484025411190597	-41.80879069094179	-19.714285714285722	1	39
E9Z81YV5	0xcb3eaff0f234	19.484025411190597	-41.80879069094179	-16.681318681318686	1	40
Z4KUMB15	0x68b4aa6c749a	19.484025411190597	-41.80879069094179	-13.64835164835165	1	41
6Y07989V	0x6e1bd0f1c323	19.484025411190597	-41.80879069094179	-10.615384615384613	1	42
ROHOFR58	0x9eb2f0f2f6a8	19.484025411190597	-41.80879069094179	-7.582417582417577	1	43
08K363YX	0xfc9bbc8946d0	19.484025411190597	-41.80879069094179	-4.549450549450569	1	44
403MC9X2	0x7f968b4d6c85	19.484025411190597	-41.80879069094179	-1.5164835164835324	1	45
6GZPXDL3	0xf01d9b01ea1c	19.484025411190597	-41.80879069094179	1.516483516483504	1	46
60HSFPMZ	0xfea110bf3dcf	19.484025411190597	-41.80879069094179	4.54945054945054	1	47
RUS3NGSD	0x5b7abc10aa12	19.484025411190597	-41.80879069094179	7.582417582417577	1	48
20LVCXFV	0xb0955d6b33dd	19.484025411190597	-41.80879069094179	10.615384615384613	1	49
W5826WX3	0xc88ba0c03fa5	19.484025411190597	-41.80879069094179	13.64835164835165	1	50
H4ASRN4Z	0xcd76391a9daf	19.484025411190597	-41.80879069094179	16.681318681318686	1	51
SAEER6S0	0x93f98e87db27	19.484025411190597	-41.80879069094179	19.714285714285722	1	52
WG5ORX7V	0x5ba89c5039dd	19.484025411190597	-41.80879069094179	22.74725274725273	1	53
NBRP28M5	0x776db51e1277	19.484025411190597	-41.80879069094179	25.780219780219767	1	54
YLBQ98IX	0x35f6140ab9a4	19.484025411190597	-41.80879069094179	28.813186813186803	1	55
W9V3LF0E	0xfc7ce1026873	19.484025411190597	-41.80879069094179	31.84615384615384	1	56
EGPD8953	0x1a14295a1d71	19.484025411190597	-41.80879069094179	34.879120879120876	1	57
JJ65JCV3	0x33793cb645e7	19.484025411190597	-41.80879069094179	37.91208791208791	1	58
5LOK6RAG	0x4211d34da25a	19.484025411190597	-41.80879069094179	40.94505494505495	1	59
FMTF89CK	0x7ddca88377de	19.484025411190597	-41.80879069094179	43.97802197802196	1	60
0EF2XBEQ	0x4e6759a8b7c2	19.484025411190597	-41.80879069094179	47.01098901098899	1	61
AA15L7HH	0x3fc65be9147f	19.484025411190597	-41.80879069094179	50.04395604395603	1	62
1B5BL07Y	0xbe08e27d315b	19.484025411190597	-41.80879069094179	53.076923076923066	1	63
NG3DN3EE	0x11b8d9af67c8	19.484025411190597	-41.80879069094179	56.1098901098901	1	64
5Y1JZHB1	0x3dd8f8fb6311	19.484025411190597	-41.80879069094179	59.14285714285714	1	65
6RN8TAMA	0x54c5e4f0d750	19.484025411190597	-41.80879069094179	62.175824175824175	1	66
TQQSCU7B	0x9fe622e345bc	19.484025411190597	-41.80879069094179	65.20879120879121	1	67
FM049SLW	0xb554eda533be	19.484025411190597	-41.80879069094179	68.24175824175825	1	68
5OBNUHLY	0xdcb3b49e68f3	19.484025411190597	-41.80879069094179	71.27472527472526	1	69
PZ14TZEL	0xda51932d0a8b	19.484025411190597	-41.80879069094179	74.30769230769229	1	70
KLK6WG7C	0x94b683f6707f	19.484025411190597	-41.80879069094179	77.34065934065933	1	71
FB7VEP43	0x14fb63f75841	19.484025411190597	-41.80879069094179	80.37362637362637	1	72
A8NAYSWG	0x6b822e64e2df	19.484025411190597	-41.80879069094179	83.4065934065934	1	73
BIG5ZZWE	0x5ebfcf0f12e5	19.484025411190597	-41.80879069094179	86.43956043956044	1	74
NGE6Q4VF	0x9eba83e5e7f2	19.484025411190597	-41.80879069094179	89.47252747252747	1	75
L5U611O9	0x102954e3973d	19.484025411190597	-41.80879069094179	92.50549450549448	1	76
QQ58EHSN	0x306d38a0a2f0	19.484025411190597	-41.80879069094179	95.53846153846152	1	77
X43N942I	0x110a40016ed6	19.484025411190597	-41.80879069094179	98.57142857142856	1	78
31NSA0T8	0x808eaf71fd54	19.484025411190597	-41.80879069094179	101.60439560439559	1	79
48Y82NMI	0x1d9815c19e64	19.484025411190597	-41.80879069094179	104.63736263736263	1	80
XH6V827F	0xa95be6b0bdb5	19.484025411190597	-41.80879069094179	107.67032967032966	1	81
LGQY1DMW	0x23f331bbdcc1	19.484025411190597	-41.80879069094179	110.7032967032967	1	82
0GQT3YT4	0x95cdfb89b04f	19.484025411190597	-41.80879069094179	113.73626373626374	1	83
5ZYEF0W7	0x51b8ed115013	19.484025411190597	-41.80879069094179	116.76923076923077	1	84
H1K78RH5	0x612eb6bfe361	19.484025411190597	-41.80879069094179	119.80219780219778	1	85
OTBGG9A9	0x6196001ad465	19.484025411190597	-41.80879069094179	122.83516483516485	1	86
4JOFN8F3	0xafb12288ef5d	19.484025411190597	-41.80879069094179	125.86813186813185	1	87
4QS9E5B1	0x679ba87f2e1e	19.484025411190597	-41.80879069094179	128.90109890109886	1	88
K36R3YR4	0xaa77d151ed38	19.484025411190597	-41.80879069094179	131.93406593406593	1	89
1UJGXVAS	0x0a310e09ce89	19.484025411190597	-41.80879069094179	134.96703296703294	1	90
WWXW2O90	0xa8dd4b7aef7b	19.484025411190597	-41.80879069094179	138.0	1	91
V2EA5ZLV	0x8e5bef0449ae	3.9724393064266295	-62.14488743760271	-138.0	2	0
5HPJU9H8	0x1e95d5f5e08b	3.9724393064266295	-62.14488743760271	-134.96703296703296	2	1
44BGZ7HV	0x1275db89b0e0	3.9724393064266295	-62.14488743760271	-131.93406593406593	2	2
RD7UNFNX	0xef05d65a87cb	3.9724393064266295	-62.14488743760271	-128.9010989010989	2	3
RN7FFP4G	0x18690060b719	3.9724393064266295	-62.14488743760271	-125.86813186813187	2	4
RRAG1MF3	0x8d110a45aa68	3.9724393064266295	-62.14488743760271	-122.83516483516483	2	5
X68DH2XJ	0x19c757271ac5	3.9724393064266295	-62.14488743760271	-119.80219780219781	2	6
1FK1LPCW	0xa2e9c6ffc38b	3.9724393064266295	-62.14488743760271	-116.76923076923077	2	7
8Z0728IJ	0x92c476153419	3.9724393064266295	-62.14488743760271	-113.73626373626374	2	8
BP708G8G	0x6696847633e8	3.9724393064266295	-62.14488743760271	-110.7032967032967	2	9
ZDAPGM5D	0x251bbf0bf015	3.9724393064266295	-62.14488743760271	-107.67032967032966	2	10
65301SCG	0xa9c45efe9b61	3.9724393064266295	-62.14488743760271	-104.63736263736264	2	11
SJ85X6C3	0xb8d8eebf03f6	3.9724393064266295	-62.14488743760271	-101.6043956043956	2	12
PH59C06V	0x6669df8c89a7	3.9724393064266295	-62.14488743760271	-98.57142857142857	2	13
047010SY	0xf1e1b05c0f86	3.9724393064266295	-62.14488743760271	-95.53846153846155	2	14
LP66LIA7	0x9e4a010a4431	3.9724393064266295	-62.14488743760271	-92.50549450549451	2	15
PNS7A7H3	0x8417667dc355	3.9724393064266295	-62.14488743760271	-89.47252747252747	2	16
UQX1A50P	0x8aba4deed2b5	3.9724393064266295	-62.14488743760271	-86.43956043956044	2	17
YI140AQK	0xcdfaf2f96561	3.9724393064266295	-62.14488743760271	-83.4065934065934	2	18
JWM3CSDH	0x9805f74364ea	3.9724393064266295	-62.14488743760271	-80.37362637362638	2	19
I1U0NVEC	0x1031d9d1f5fc	3.9724393064266295	-62.14488743760271	-77.34065934065934	2	20
TWYAXYQB	0x1751fff58d76	3.9724393064266295	-62.14488743760271	-74.3076923076923	2	21
P1Z6DQ10	0x7416f8f2e9fd	3.9724393064266295	-62.14488743760271	-71.27472527472528	2	22
0VMNBORI	0x9daa0989ee0e	3.9724393064266295	-62.14488743760271	-68.24175824175825	2	23
4AT5AW4T	0xa285f392c8fd	3.9724393064266295	-62.14488743760271	-65.20879120879121	2	24
EBUJ27DA	0xecd09fb08055	3.9724393064266295	-62.14488743760271	-62.175824175824175	2	25
RIZEX6A1	0x3ce1f009fa59	3.9724393064266295	-62.14488743760271	-59.14285714285714	2	26
4S9T3526	0x107dfdc94d8b	3.9724393064266295	-62.14488743760271	-56.10989010989012	2	27
PRLOFMK8	0x8f341310adfe	3.9724393064266295	-62.14488743760271	-53.07692307692308	2	28
TB3M4R19	0x73668b3a999b	3.9724393064266295	-62.14488743760271	-50.043956043956044	2	29
QJBFS502	0x51a920d1a02e	3.9724393064266295	-62.14488743760271	-47.01098901098902	2	30
UV6HT28K	0xf17c768f9b23	3.9724393064266295	-62.14488743760271	-43.978021978021985	2	31
2S6XN0JN	0xc1f619d4b7b2	3.9724393064266295	-62.14488743760271	-40.94505494505495	2	32
T6H0WTDU	0x68ab91f16394	3.9724393064266295	-62.14488743760271	-37.91208791208791	2	33
4A137FB2	0xf8198239a9a4	3.9724393064266295	-62.14488743760271	-34.879120879120876	2	34
QF1WUU6W	0x7edc880f9ff7	3.9724393064266295	-62.14488743760271	-31.846153846153854	2	35
50Z7NS8A	0x154dd05d2cca	3.9724393064266295	-62.14488743760271	-28.813186813186817	2	36
T3CY5AGM	0xa59e6b213ea0	3.9724393064266295	-62.14488743760271	-25.78021978021978	2	37
O8KPTG3I	0x7a646c4641b4	3.9724393064266295	-62.14488743760271	-22.74725274725276	2	38
DS9F146M	0xf056c24a41dd	3.9724393064266295	-62.14488743760271	-19.714285714285722	2	39
I4JBZYD3	0x8a7ee8840a7d	3.9724393064266295	-62.14488743760271	-16.681318681318686	2	40
D3L2GSAN	0xa00b81abc86a	3.9724393064266295	-62.14488743760271	-13.64835164835165	2	41
ADZQKM5K	0xbb2748f817ac	3.9724393064266295	-62.14488743760271	-10.615384615384613	2	42
22A7L36D	0xacc83e77afd6	3.9724393064266295	-62.14488743760271	-7.582417582417577	2	43
3SX5PZCU	0x477a90876e52	3.9724393064266295	-62.14488743760271	-4.549450549450569	2	44
3JFWV6DO	0xa578d5acf868	3.9724393064266295	-62.14488743760271	-1.5164835164835324	2	45
DL82JJ7C	0x98dd24310496	3.9724393064266295	-62.14488743760271	1.516483516483504	2	46
04BUY243	0x1b40e20a081c	3.9724393064266295	-62.14488743760271	4.54945054945054	2	47
I6K1X8MK	0xbd0cc37a5170	3.9724393064266295	-62.14488743760271	7.582417582417577	2	48
A0XC01EZ	0x4ddee35d8ddc	3.9724393064266295	-62.14488743760271	10.615384615384613	2	49
AWT59H5A	0x5eeb29fb430a	3.9724393064266295	-62.14488743760271	13.64835164835165	2	50
ZUBK3916	0x5905224a6d5e	3.9724393064266295	-62.14488743760271	16.681318681318686	2	51
XQAU1ETP	0x9a1cad864659	3.9724393064266295	-62.14488743760271	19.714285714285722	2	52
VEW96OW9	0x8da2cd1398d1	3.9724393064266295	-62.14488743760271	22.74725274725273	2	53
Q8XXNTAS	0x351afa134575	3.9724393064266295	-62.14488743760271	25.780219780219767	2	54
HZLSFA59	0xc106318a9398	3.9724393064266295	-62.14488743760271	28.813186813186803	2	55
YZ06NUQ7	0x83c106393926	3.9724393064266295	-62.14488743760271	31.84615384615384	2	56
7YFK1TJF	0xf9585cea53bb	3.9724393064266295	-62.14488743760271	34.879120879120876	2	57
4LQNJ80L	0x4fa457c70c58	3.9724393064266295	-62.14488743760271	37.91208791208791	2	58
PP1IO5GT	0x9da48a83bd1b	3.9724393064266295	-62.14488743760271	40.94505494505495	2	59
7OT1GR1I	0x5f7b0860a66b	3.9724393064266295	-62.14488743760271	43.97802197802196	2	60
WFZ0ZB8L	0xcef3e61579c0	3.9724393064266295	-62.14488743760271	47.01098901098899	2	61
68ORTZ9F	0xaddd91324267	3.9724393064266295	-62.14488743760271	50.04395604395603	2	62
PPJ4WZE3	0xf837c35901b3	3.9724393064266295	-62.14488743760271	53.076923076923066	2	63
LJKM7HOP	0x9cca6e1313ee	3.9724393064266295	-62.14488743760271	56.1098901098901	2	64
5MOTIO4P	0xa5cb19da9386	3.9724393064266295	-62.14488743760271	59.14285714285714	2	65
WLKB1KXH	0x6fa61f00c99e	3.9724393064266295	-62.14488743760271	62.175824175824175	2	66
J99PDH5K	0x1fe2eb53f65a	3.9724393064266295	-62.14488743760271	65.20879120879121	2	67
GSWISQ83	0xda7175ffd405	3.9724393064266295	-62.14488743760271	68.24175824175825	2	68
JMUZYVWP	0xe2fa45e7bb32	3.9724393064266295	-62.14488743760271	71.27472527472526	2	69
EWXZE0ZQ	0xc4f6f7e20beb	3.9724393064266295	-62.14488743760271	74.30769230769229	2	70
XLIDKJ8E	0x0b9b745e37b8	3.9724393064266295	-62.14488743760271	77.34065934065933	2	71
0GPJ44X7	0x8c07b3dc0725	3.9724393064266295	-62.14488743760271	80.37362637362637	2	72
N4P4ABXO	0xd0795e847f35	3.9724393064266295	-62.14488743760271	83.4065934065934	2	73
RNA95MKU	0xa5c4817533e0	3.9724393064266295	-62.14488743760271	86.43956043956044	2	74
9JASF2UZ	0x46d6a8de4916	3.9724393064266295	-62.14488743760271	89.47252747252747	2	75
9MDZHHVO	0x2532c37753f8	3.9724393064266295	-62.14488743760271	92.50549450549448	2	76
0PU0CN0C	0xda74fa3f6b70	3.9724393064266295	-62.14488743760271	95.53846153846152	2	77
U8W2MJ9G	0xe9654a8cf43c	3.9724393064266295	-62.14488743760271	98.57142857142856	2	78
EEGCT5LF	0x8243d0c54f4c	3.9724393064266295	-62.14488743760271	101.60439560439559	2	79
V2NZRLTD	0x8731b7d2e32a	3.9724393064266295	-62.14488743760271	104.63736263736263	2	80
W6QFD4I6	0xcc7db0d03814	3.9724393064266295	-62.14488743760271	107.67032967032966	2	81
N2KZA2FX	0x49c8219a1758	3.9724393064266295	-62.14488743760271	110.7032967032967	2	82
7LH6JNQ2	0xbe1da7efc5a2	3.9724393064266295	-62.14488743760271	113.73626373626374	2	83
FN56R24W	0xb7d5a6010acc	3.9724393064266295	-62.14488743760271	116.76923076923077	2	84
RPP2EE9H	0x0f6560281868	3.9724393064266295	-62.14488743760271	119.80219780219778	2	85
CO3YE986	0x9bca60dfd138	3.9724393064266295	-62.14488743760271	122.83516483516485	2	86
LKCYJTVS	0xd28e23f4af80	3.9724393064266295	-62.14488743760271	125.86813186813185	2	87
CPG30NPC	0x34cee30b2694	3.9724393064266295	-62.14488743760271	128.90109890109886	2	88
EBR1IZHP	0x1503ac11a531	3.9724393064266295	-62.14488743760271	131.93406593406593	2	89
C71KNLH4	0x7c267aae9c81	3.9724393064266295	-62.14488743760271	134.96703296703294	2	90
Q4Z5QXD0	0xe16f2eccdeae	3.9724393064266295	-62.14488743760271	138.0	2	91
7OHPAMPS	0x45666b7ae363	11.222419768435856	-97.12986743397694	-138.0	3	0
KOVBSNTQ	0x13b983dc0250	11.222419768435856	-97.12986743397694	-134.96703296703296	3	1
R9UDHH70	0x7a63988b651d	11.222419768435856	-97.12986743397694	-131.93406593406593	3	2
LO40DV86	0xcd5c2dc4a60b	11.222419768435856	-97.12986743397694	-128.9010989010989	3	3
SS3SVU3Q	0xf9014e736064	11.222419768435856	-97.12986743397694	-125.86813186813187	3	4
04ZIAUIJ	0xa699734dae3c	11.222419768435856	-97.12986743397694	-122.83516483516483	3	5
AFX4C9AP	0x886ca5a21d8e	11.222419768435856	-97.12986743397694	-119.80219780219781	3	6
HOJBERRR	0x625dde93a27f	11.222419768435856	-97.12986743397694	-116.76923076923077	3	7
IEOGAVKI	0x25b331574234	11.222419768435856	-97.12986743397694	-113.73626373626374	3	8
A8ZRTMKQ	0x8c90728fbcef	11.222419768435856	-97.12986743397694	-110.7032967032967	3	9
VKN80OW5	0x62b6b87deb38	11.222419768435856	-97.12986743397694	-107.67032967032966	3	10
WA7P3CPL	0xe9ec51942a8b	11.222419768435856	-97.12986743397694	-104.63736263736264	3	11
4EDJ83Y1	0xa093291e12cd	11.222419768435856	-97.12986743397694	-101.6043956043956	3	12
DB54MG18	0xcc7a60482d27	11.222419768435856	-97.12986743397694	-98.57142857142857	3	13
UMVVD426	0xb08ccf46288b	11.222419768435856	-97.12986743397694	-95.53846153846155	3	14
0T0PYGDW	0xa48c007d9877	11.222419768435856	-97.12986743397694	-92.50549450549451	3	15
V4AXV2KV	0xa99303639fe2	11.222419768435856	-97.12986743397694	-89.47252747252747	3	16
6U7GVTKN	0x045c9bf266b4	11.222419768435856	-97.12986743397694	-86.43956043956044	3	17
Q7TJDBN2	0xcd45e29f8334	11.222419768435856	-97.12986743397694	-83.4065934065934	3	18
24U4QP01	0x79823ff791c2	11.222419768435856	-97.12986743397694	-80.37362637362638	3	19
XKOHCDEH	0x07fe16ad2d5a	11.222419768435856	-97.12986743397694	-77.34065934065934	3	20
P8ZYGM93	0xc81c305741d0	11.222419768435856	-97.12986743397694	-74.3076923076923	3	21
KQFSFEFE	0x4ca74c68bd98	11.222419768435856	-97.12986743397694	-71.27472527472528	3	22
4KGHPYM2	0xdcae7b7f8a8b	11.222419768435856	-97.12986743397694	-68.24175824175825	3	23
O8VSDXEN	0xbe631d7e3235	11.222419768435856	-97.12986743397694	-65.20879120879121	3	24
WMPBE20A	0xec83ced7b990	11.222419768435856	-97.12986743397694	-62.175824175824175	3	25
R1U0T0DT	0xc64188fb43a0	11.222419768435856	-97.12986743397694	-59.14285714285714	3	26
0EVZQ037	0xba36e735940d	11.222419768435856	-97.12986743397694	-56.10989010989012	3	27
HFXU7QBQ	0x17ccd0b6da26	11.222419768435856	-97.12986743397694	-53.07692307692308	3	28
ZK2SGJB3	0xc7a4f4fae882	11.222419768435856	-97.12986743397694	-50.043956043956044	3	29
N8VN6MFE	0x545cad1742e5	11.222419768435856	-97.12986743397694	-47.01098901098902	3	30
FALN147I	0xba07c44a0636	11.222419768435856	-97.12986743397694	-43.978021978021985	3	31
O340BAIS	0xdd9ee4cbee25	11.222419768435856	-97.12986743397694	-40.94505494505495	3	32
PI9LL9P8	0x7a5d6e34fcef	11.222419768435856	-97.12986743397694	-37.91208791208791	3	33
80YZDC30	0x3f11fea6e71a	11.222419768435856	-97.12986743397694	-34.879120879120876	3	34
8UEN0234	0xcf89c9ae5172	11.222419768435856	-97.12986743397694	-31.846153846153854	3	35
CDO3HZEY	0x4bfb62577dbb	11.222419768435856	-97.12986743397694	-28.813186813186817	3	36
VAKCZQX9	0x84cc3e01e6e3	11.222419768435856	-97.12986743397694	-25.78021978021978	3	37
Z0SSVD4Y	0x3838be4cf0a5	11.222419768435856	-97.12986743397694	-22.74725274725276	3	38
XPKX5YVL	0x86dfe6a4f259	11.222419768435856	-97.12986743397694	-19.714285714285722	3	39
3RRY94Y1	0xf3c997c89ba7	11.222419768435856	-97.12986743397694	-16.681318681318686	3	40
DPI5IWHS	0xc2bf12ab184d	11.222419768435856	-97.12986743397694	-13.64835164835165	3	41
IOONIUCN	0xd5c8511a8508	11.222419768435856	-97.12986743397694	-10.615384615384613	3	42
QA3IPF5G	0xea589c2ee86f	11.222419768435856	-97.12986743397694	-7.582417582417577	3	43
1O5LXCPX	0xf310ddcc989c	11.222419768435856	-97.12986743397694	-4.549450549450569	3	44
GS1S9FDC	0xc6810871985c	11.222419768435856	-97.12986743397694	-1.5164835164835324	3	45
BETY076Y	0xecae862b9c2c	11.222419768435856	-97.12986743397694	1.516483516483504	3	46
C6OOVU52	0x78c9fec97ead	11.222419768435856	-97.12986743397694	4.54945054945054	3	47
4AQ5FTRD	0x385ec939f03d	11.222419768435856	-97.12986743397694	7.582417582417577	3	48
Z9N8AH34	0x8718d68507f0	11.222419768435856	-97.12986743397694	10.615384615384613	3	49
B0ZNLYNV	0x773372659f12	11.222419768435856	-97.12986743397694	13.64835164835165	3	50
IBCLGORJ	0x1570d090fd4a	11.222419768435856	-97.12986743397694	16.681318681318686	3	51
YXYOAVZ8	0x6209926bc146	11.222419768435856	-97.12986743397694	19.714285714285722	3	52
5XWN5Q2I	0x01045d16d23c	11.222419768435856	-97.12986743397694	22.74725274725273	3	53
Z9HLWPPA	0x21deb83d1b94	11.222419768435856	-97.12986743397694	25.780219780219767	3	54
JZNK5NJ7	0x778b74156958	11.222419768435856	-97.12986743397694	28.813186813186803	3	55
0MQ4K78X	0xb693c8934bd9	11.222419768435856	-97.12986743397694	31.84615384615384	3	56
KWRVFPY8	0x52fb0ac30410	11.222419768435856	-97.12986743397694	34.879120879120876	3	57
FLPAF2ID	0x6eb94c0b36dc	11.222419768435856	-97.12986743397694	37.91208791208791	3	58
REP7HFXP	0x339a557c6324	11.222419768435856	-97.12986743397694	40.94505494505495	3	59
54AVZ5E5	0x01910ccb6a4b	11.222419768435856	-97.12986743397694	43.97802197802196	3	60
X39ATMDX	0x372a438b7296	11.222419768435856	-97.12986743397694	47.01098901098899	3	61
5LYI79IG	0x8c39eac3c078	11.222419768435856	-97.12986743397694	50.04395604395603	3	62
5D9DCVSJ	0xf523a8b37eff	11.222419768435856	-97.12986743397694	53.076923076923066	3	63
F994F68L	0xf18a739efb9f	11.222419768435856	-97.12986743397694	56.1098901098901	3	64
5AOGMXYR	0x9956acb70ecf	11.222419768435856	-97.12986743397694	59.14285714285714	3	65
J95R0J2O	0x62c6af874df2	11.222419768435856	-97.12986743397694	62.175824175824175	3	66
593WEPQU	0xd7d66905b4c2	11.222419768435856	-97.12986743397694	65.20879120879121	3	67
5I6YZKHQ	0x063a0b1686f3	11.222419768435856	-97.12986743397694	68.24175824175825	3	68
1GSWNNYW	0x41a616beceec	11.222419768435856	-97.12986743397694	71.27472527472526	3	69
M1JW1WSB	0x17ad9960adff	11.222419768435856	-97.12986743397694	74.30769230769229	3	70
HRJJMO8X	0x989c9823d33c	11.222419768435856	-97.12986743397694	77.34065934065933	3	71
LKLK0K9B	0x85a68ed1ac8a	11.222419768435856	-97.12986743397694	80.37362637362637	3	72
IEVD12KB	0xf3d9d063aa65	11.222419768435856	-97.12986743397694	83.4065934065934	3	73
3ZOZWHYT	0x36301bbd8830	11.222419768435856	-97.12986743397694	86.43956043956044	3	74
A5829FEE	0x98e1124c7a77	11.222419768435856	-97.12986743397694	89.47252747252747	3	75
Y9TTHJZ2	0x66fec9d1fb94	11.222419768435856	-97.12986743397694	92.50549450549448	3	76
PAJ8V4JP	0x35c27039ea3e	11.222419768435856	-97.12986743397694	95.53846153846152	3	77
FKC95A3Q	0x6524932d0c10	11.222419768435856	-97.12986743397694	98.57142857142856	3	78
1KMSEB4V	0x2aba8019df52	11.222419768435856	-97.12986743397694	101.60439560439559	3	79
MF2BCHQL	0x9ad245c3d302	11.222419768435856	-97.12986743397694	104.63736263736263	3	80
3JQZSYH3	0x0712fb3f7989	11.222419768435856	-97.12986743397694	107.67032967032966	3	81
XZTSWAR5	0xa6331419f4de	11.222419768435856	-97.12986743397694	110.7032967032967	3	82
CNZ193HB	0xe411a5afb19e	11.222419768435856	-97.12986743397694	113.73626373626374	3	83
G9O57VAJ	0x16cb29e65596	11.222419768435856	-97.12986743397694	116.76923076923077	3	84
YB3MRZG8	0x43ac80026dd1	11.222419768435856	-97.12986743397694	119.80219780219778	3	85
54FH9NXC	0x95ed4d516d19	11.222419768435856	-97.12986743397694	122.83516483516485	3	86
8TVWMBOI	0x2874d9deb541	11.222419768435856	-97.12986743397694	125.86813186813185	3	87
T2RQ6RBI	0xda9c7ff4d12e	11.222419768435856	-97.12986743397694	128.90109890109886	3	88
I1JSTSPJ	0xb0bce297789b	11.222419768435856	-97.12986743397694	131.93406593406593	3	89
IN7HW2UD	0x5fcb47d77d08	11.222419768435856	-97.12986743397694	134.96703296703294	3	90
VJUKWVQT	0x2ba76c7398da	11.222419768435856	-97.12986743397694	138.0	3	91
4TC1PMCV	0x7d53059b628b	58.93740746026399	-92.4766927546562	-138.0	4	0
AXBJ7MP9	0x9efd20685c93	58.93740746026399	-92.4766927546562	-134.96703296703296	4	1
5S81CN47	0xc96317337a1f	58.93740746026399	-92.4766927546562	-131.93406593406593	4	2
3RBISORN	0x276cffad0d27	58.93740746026399	-92.4766927546562	-128.9010989010989	4	3
545JYOL6	0x30daa5c22ce4	58.93740746026399	-92.4766927546562	-125.86813186813187	4	4
2TM3L8PP	0x572db7a64b78	58.93740746026399	-92.4766927546562	-122.83516483516483	4	5
7Z82OZZV	0xd3b2e267f9fa	58.93740746026399	-92.4766927546562	-119.80219780219781	4	6
ZV1UCGX4	0x1a9c25d917ed	58.93740746026399	-92.4766927546562	-116.76923076923077	4	7
AVFU2SRU	0x494c6db6fc17	58.93740746026399	-92.4766927546562	-113.73626373626374	4	8
MZJSXDO9	0x7cfcbf559c41	58.93740746026399	-92.4766927546562	-110.7032967032967	4	9
V21CMVAB	0x104410c631e2	58.93740746026399	-92.4766927546562	-107.67032967032966	4	10
BEERYWXQ	0x94dc4ca9abc2	58.93740746026399	-92.4766927546562	-104.63736263736264	4	11
L5O3WD22	0x0900824fdef8	58.93740746026399	-92.4766927546562	-101.6043956043956	4	12
IHV7ZE35	0x2cde7c575675	58.93740746026399	-92.4766927546562	-98.57142857142857	4	13
F4XKPCD5	0x707072ca798c	58.93740746026399	-92.4766927546562	-95.53846153846155	4	14
U7AF2O70	0x3a6abe7a8aee	58.93740746026399	-92.4766927546562	-92.50549450549451	4	15
GX649TZ3	0x7fe775fb68e7	58.93740746026399	-92.4766927546562	-89.47252747252747	4	16
QTIWGBY1	0xdc9fbeafee3a	58.93740746026399	-92.4766927546562	-86.43956043956044	4	17
8DJUUX1A	0xb86cf6b0ba38	58.93740746026399	-92.4766927546562	-83.4065934065934	4	18
Y18K9K37	0x3d52d7883e9b	58.93740746026399	-92.4766927546562	-80.37362637362638	4	19
KGI04EWQ	0xc430e9809467	58.93740746026399	-92.4766927546562	-77.34065934065934	4	20
Y88RVK4O	0xd9a54493725a	58.93740746026399	-92.4766927546562	-74.3076923076923	4	21
S7778NYH	0x55c958232d52	58.93740746026399	-92.4766927546562	-71.27472527472528	4	22
YZ8RKPI2	0xc0cc1b3b47f9	58.93740746026399	-92.4766927546562	-68.24175824175825	4	23
MSRSFCKX	0x252c58f70964	58.93740746026399	-92.4766927546562	-65.20879120879121	4	24
Y3FF2WPP	0x3bdf1a012d1d	58.93740746026399	-92.4766927546562	-62.175824175824175	4	25
4EJX0MJ4	0x945c52b8ab19	58.93740746026399	-92.4766927546562	-59.14285714285714	4	26
VJ70JQU6	0xd8fd31a51941	58.93740746026399	-92.4766927546562	-56.10989010989012	4	27
IB3EC5BR	0x06c7034ee117	58.93740746026399	-92.4766927546562	-53.07692307692308	4	28
W17XJE3B	0x62e3112f0ef9	58.93740746026399	-92.4766927546562	-50.043956043956044	4	29
BZTUYTQ0	0x8ef028684f90	58.93740746026399	-92.4766927546562	-47.01098901098902	4	30
S4XISUJ2	0x4b0be048ca23	58.93740746026399	-92.4766927546562	-43.978021978021985	4	31
E46XE3NU	0xaad6f2bff67a	58.93740746026399	-92.4766927546562	-40.94505494505495	4	32
GJE5U6Z9	0xa338a9bbb537	58.93740746026399	-92.4766927546562	-37.91208791208791	4	33
SZ83A12Q	0xe4a3c2cf08cb	58.93740746026399	-92.4766927546562	-34.879120879120876	4	34
0TW94V1H	0xbc2aed8e2c1f	58.93740746026399	-92.4766927546562	-31.846153846153854	4	35
V1CM6G2K	0xa39d4b69f36f	58.93740746026399	-92.4766927546562	-28.813186813186817	4	36
GI6GEMZD	0x270519828edb	58.93740746026399	-92.4766927546562	-25.78021978021978	4	37
FFQ76YO7	0x52a0167527fc	58.93740746026399	-92.4766927546562	-22.74725274725276	4	38
HPZBXWGT	0xd518f9faf004	58.93740746026399	-92.4766927546562	-19.714285714285722	4	39
8ZEHZHGS	0x9528193ea8a5	58.93740746026399	-92.4766927546562	-16.681318681318686	4	40
JZPAQB1D	0x57aa6077bb1b	58.93740746026399	-92.4766927546562	-13.64835164835165	4	41
J24T8HWP	0xc6c4c22490f1	58.93740746026399	-92.4766927546562	-10.615384615384613	4	42
BWMJ5TSW	0x83833940c7e1	58.93740746026399	-92.4766927546562	-7.582417582417577	4	43
G9NSE4RK	0x8eee254431c9	58.93740746026399	-92.4766927546562	-4.549450549450569	4	44
N38ERJ1Z	0x3d590528d87f	58.93740746026399	-92.4766927546562	-1.5164835164835324	4	45
S6DOUFZ7	0x94036ea7724a	58.93740746026399	-92.4766927546562	1.516483516483504	4	46
PRXJRDW7	0x54549a99544b	58.93740746026399	-92.4766927546562	4.54945054945054	4	47
6B4MT49A	0x7889ae091475	58.93740746026399	-92.4766927546562	7.582417582417577	4	48
YE0WWG1V	0xf0ff5962f8d1	58.93740746026399	-92.4766927546562	10.615384615384613	4	49
46YZRBBQ	0xf19b211a73d8	58.93740746026399	-92.4766927546562	13.64835164835165	4	50
KJGXX8N8	0x9ddb503fd3e1	58.93740746026399	-92.4766927546562	16.681318681318686	4	51
0IR4MFJT	0x05d1ad145957	58.93740746026399	-92.4766927546562	19.714285714285722	4	52
F0G4T48S	0xe6cb45bebc2c	58.93740746026399	-92.4766927546562	22.74725274725273	4	53
PGFT0X5W	0x021f728830ce	58.93740746026399	-92.4766927546562	25.780219780219767	4	54
WHVBD4YV	0x0713e272c370	58.93740746026399	-92.4766927546562	28.813186813186803	4	55
U193FIFD	0x37bf7f8817f3	58.93740746026399	-92.4766927546562	31.84615384615384	4	56
NJUSNJ2R	0xb30fc7a3154b	58.93740746026399	-92.4766927546562	34.879120879120876	4	57
RNJ2JUE4	0xeadbe9be89d7	58.93740746026399	-92.4766927546562	37.91208791208791	4	58
0NJX7QLO	0x7fcfd60a2513	58.93740746026399	-92.4766927546562	40.94505494505495	4	59
2GVD95YP	0x78499c05b3bf	58.93740746026399	-92.4766927546562	43.97802197802196	4	60
KM4A5GX4	0x0e3b5ab4157a	58.93740746026399	-92.4766927546562	47.01098901098899	4	61
KKQ3OYH5	0x38f587ac2991	58.93740746026399	-92.4766927546562	50.04395604395603	4	62
GB7J9M5M	0x3e0ace507a0d	58.93740746026399	-92.4766927546562	53.076923076923066	4	63
1URX66JA	0x768c612c33d2	58.93740746026399	-92.4766927546562	56.1098901098901	4	64
MSN1ZHD9	0x6362597f01c2	58.93740746026399	-92.4766927546562	59.14285714285714	4	65
ZS2VDVNL	0xc11cbe01af1b	58.93740746026399	-92.4766927546562	62.175824175824175	4	66
PCIYIJAH	0xb581b658b24e	58.93740746026399	-92.4766927546562	65.20879120879121	4	67
GR702KV7	0x4cf2267fd704	58.93740746026399	-92.4766927546562	68.24175824175825	4	68
CKZ6PUWQ	0x8d32c78ca286	58.93740746026399	-92.4766927546562	71.27472527472526	4	69
05HSBYUI	0xcb90e326317f	58.93740746026399	-92.4766927546562	74.30769230769229	4	70
3CPHW953	0xf322f32fe5d3	58.93740746026399	-92.4766927546562	77.34065934065933	4	71
SBXZX42O	0xa7af5215e00f	58.93740746026399	-92.4766927546562	80.37362637362637	4	72
SBJTI3NQ	0x6c7cc6e66135	58.93740746026399	-92.4766927546562	83.4065934065934	4	73
TW1AICZ0	0xb66a51e9cbf9	58.93740746026399	-92.4766927546562	86.43956043956044	4	74
95IGP4TL	0x2342f253aab9	58.93740746026399	-92.4766927546562	89.47252747252747	4	75
2NRH1ZIH	0x94d70d9b4dce	58.93740746026399	-92.4766927546562	92.50549450549448	4	76
QU1C8VP3	0x10130cb198d7	58.93740746026399	-92.4766927546562	95.53846153846152	4	77
0ILA2PRR	0xdd227453887a	58.93740746026399	-92.4766927546562	98.57142857142856	4	78
PY47KCKM	0x1b804dad6873	58.93740746026399	-92.4766927546562	101.60439560439559	4	79
DSAT0HCK	0x318941f55122	58.93740746026399	-92.4766927546562	104.63736263736263	4	80
HD73RYS2	0x7c3c45a49805	58.93740746026399	-92.4766927546562	107.67032967032966	4	81
JSHPXXSH	0x8e376d2a4bc2	58.93740746026399	-92.4766927546562	110.7032967032967	4	82
K631NG4U	0x357ddc74b896	58.93740746026399	-92.4766927546562	113.73626373626374	4	83
2Z9G5U1P	0x7096cb6d5a0e	58.93740746026399	-92.4766927546562	116.76923076923077	4	84
I07Y68GG	0x75b4fce42fd5	58.93740746026399	-92.4766927546562	119.80219780219778	4	85
AU6XDM0B	0x4540eaff131f	58.93740746026399	-92.4766927546562	122.83516483516485	4	86
XFB4CX3O	0xdccee0360ca7	58.93740746026399	-92.4766927546562	125.86813186813185	4	87
CAUB3TZ4	0x1f417e805fbe	58.93740746026399	-92.4766927546562	128.90109890109886	4	88
3NNLYWMV	0x8fd27dced9d4	58.93740746026399	-92.4766927546562	131.93406593406593	4	89
4SM98XAA	0xc3c5987ef6b4	58.93740746026399	-92.4766927546562	134.96703296703294	4	90
1PJ3S4MA	0xc47d375d060e	58.93740746026399	-92.4766927546562	138.0	4	91
PCFWSP5E	0x3d2090afbaf7	46.6293010945274	-65.7640232992966	-138.0	5	0
7Z00LSJA	0x1c215a069d9b	46.6293010945274	-65.7640232992966	-134.96703296703296	5	1
3MTHIFZP	0x8d1f06cda053	46.6293010945274	-65.7640232992966	-131.93406593406593	5	2
L9IOW996	0x12fd8832d64b	46.6293010945274	-65.7640232992966	-128.9010989010989	5	3
HL9BS7UB	0x07527e409982	46.6293010945274	-65.7640232992966	-125.86813186813187	5	4
RQ1AT8AI	0xaa19291bcf86	46.6293010945274	-65.7640232992966	-122.83516483516483	5	5
P2ZF4KU6	0xcd42c883535b	46.6293010945274	-65.7640232992966	-119.80219780219781	5	6
0LAFMW1Q	0x0f8ac8db363c	46.6293010945274	-65.7640232992966	-116.76923076923077	5	7
FIT819A4	0xfec3b8ba879f	46.6293010945274	-65.7640232992966	-113.73626373626374	5	8
RBB5L15K	0x1bdb8331d408	46.6293010945274	-65.7640232992966	-110.7032967032967	5	9
MK1E4CDB	0xf3003d1eb2fb	46.6293010945274	-65.7640232992966	-107.67032967032966	5	10
1EYD5OZW	0xc596938ed64d	46.6293010945274	-65.7640232992966	-104.63736263736264	5	11
HZR67AH9	0x0ce2344fa22c	46.6293010945274	-65.7640232992966	-101.6043956043956	5	12
6D0RBIIT	0x05f0236964a2	46.6293010945274	-65.7640232992966	-98.57142857142857	5	13
R1H42D2W	0x98fd67953cc9	46.6293010945274	-65.7640232992966	-95.53846153846155	5	14
SXSJOSRU	0x68601ddd99f4	46.6293010945274	-65.7640232992966	-92.50549450549451	5	15
5W1S7GWP	0x1a158205d4f5	46.6293010945274	-65.7640232992966	-89.47252747252747	5	16
1LMJG4LB	0xaa6fa1eeeec6	46.6293010945274	-65.7640232992966	-86.43956043956044	5	17
HXJ93IMV	0xc7ad96be513b	46.6293010945274	-65.7640232992966	-83.4065934065934	5	18
LKMLXBOU	0xeedcd6465b5f	46.6293010945274	-65.7640232992966	-80.37362637362638	5	19
D89KRJYF	0xab84d7658823	46.6293010945274	-65.7640232992966	-77.34065934065934	5	20
H2R2799R	0x37caa732a1af	46.6293010945274	-65.7640232992966	-74.3076923076923	5	21
AUU8ELHT	0xa6a7da002929	46.6293010945274	-65.7640232992966	-71.27472527472528	5	22
6N0O1JDI	0x141d211a31fa	46.6293010945274	-65.7640232992966	-68.24175824175825	5	23
Q84YFVPV	0xd44facb909f9	46.6293010945274	-65.7640232992966	-65.20879120879121	5	24
YKZU7MMJ	0x34064142e198	46.6293010945274	-65.7640232992966	-62.175824175824175	5	25
P6GDKKLA	0x065a12564804	46.6293010945274	-65.7640232992966	-59.14285714285714	5	26
ZHYQPES8	0x2f66299fa75b	46.6293010945274	-65.7640232992966	-56.10989010989012	5	27
G1CASWSD	0x54ee3cd92b76	46.6293010945274	-65.7640232992966	-53.07692307692308	5	28
X2ISE6GM	0x1b9397a6d778	46.6293010945274	-65.7640232992966	-50.043956043956044	5	29
33EP5P1Y	0xf459489ee185	46.6293010945274	-65.7640232992966	-47.01098901098902	5	30
O5TI7DDJ	0xf0d0632d8363	46.6293010945274	-65.7640232992966	-43.978021978021985	5	31
0PC0XXWK	0x557d40697695	46.6293010945274	-65.7640232992966	-40.94505494505495	5	32
GQQUX83X	0xfc0f377a1849	46.6293010945274	-65.7640232992966	-37.91208791208791	5	33
VHCITK6Z	0x9f3b48801fe9	46.6293010945274	-65.7640232992966	-34.879120879120876	5	34
ST84TP2M	0x8b37b05aa773	46.6293010945274	-65.7640232992966	-31.846153846153854	5	35
MSHKR2C4	0xc8c85049a059	46.6293010945274	-65.7640232992966	-28.813186813186817	5	36
7OV1IJND	0xb8767e36e136	46.6293010945274	-65.7640232992966	-25.78021978021978	5	37
4U3X8VO8	0xa530bff18bfa	46.6293010945274	-65.7640232992966	-22.74725274725276	5	38
U8QL6445	0x8a3f67892fc7	46.6293010945274	-65.7640232992966	-19.714285714285722	5	39
J5FZLG7F	0xbaa7b8ab5617	46.6293010945274	-65.7640232992966	-16.681318681318686	5	40
XR3DM8XM	0x04e05132370e	46.6293010945274	-65.7640232992966	-13.64835164835165	5	41
KHO2A76Q	0x5bf7cf153f51	46.6293010945274	-65.7640232992966	-10.615384615384613	5	42
GDS24UNE	0x81039deaf30d	46.6293010945274	-65.7640232992966	-7.582417582417577	5	43
QO5RDH4D	0x1b740f95a1a2	46.6293010945274	-65.7640232992966	-4.549450549450569	5	44
ZG8MAT3X	0x732032183da4	46.6293010945274	-65.7640232992966	-1.5164835164835324	5	45
GF0UI8WW	0x0b0a6b47707b	46.6293010945274	-65.7640232992966	1.516483516483504	5	46
99571OMG	0x421e35233e54	46.6293010945274	-65.7640232992966	4.54945054945054	5	47
YJH6TVNH	0xeeae8c3ba4f0	46.6293010945274	-65.7640232992966	7.582417582417577	5	48
1FO3WG7A	0x6592782b34f8	46.6293010945274	-65.7640232992966	10.615384615384613	5	49
AHSEYOIR	0xadc65ab6d0b1	46.6293010945274	-65.7640232992966	13.64835164835165	5	50
GVPSVSYN	0x8902d51f2518	46.6293010945274	-65.7640232992966	16.681318681318686	5	51
1M3TZ4A5	0x3cae6d2b9950	46.6293010945274	-65.7640232992966	19.714285714285722	5	52
I802YTPM	0x15a47577f344	46.6293010945274	-65.7640232992966	22.74725274725273	5	53
XOVYBL5L	0x60da0b17fe0d	46.6293010945274	-65.7640232992966	25.780219780219767	5	54
2LM41WRT	0x04aed1b13ec9	46.6293010945274	-65.7640232992966	28.813186813186803	5	55
XX751V1T	0x6ee6d611975c	46.6293010945274	-65.7640232992966	31.84615384615384	5	56
9ZDBAWI0	0x888d29ae13ef	46.6293010945274	-65.7640232992966	34.879120879120876	5	57
FPXR2MME	0xacb24739280f	46.6293010945274	-65.7640232992966	37.91208791208791	5	58
UIYJG8C4	0x9496eaf5b057	46.6293010945274	-65.7640232992966	40.94505494505495	5	59
V1YGGEG8	0xa2473f8bff38	46.6293010945274	-65.7640232992966	43.97802197802196	5	60
NSC4H91H	0xcda49725452f	46.6293010945274	-65.7640232992966	47.01098901098899	5	61
UYR95T2R	0x2040aff32235	46.6293010945274	-65.7640232992966	50.04395604395603	5	62
1UIW6DHO	0xcfab85a5b8c8	46.6293010945274	-65.7640232992966	53.076923076923066	5	63
26DPHBC0	0x5a8cb920fad8	46.6293010945274	-65.7640232992966	56.1098901098901	5	64
OFTCUX7A	0x625deebd99c7	46.6293010945274	-65.7640232992966	59.14285714285714	5	65
0QFMBTFW	0x5ea12a883711	46.6293010945274	-65.7640232992966	62.175824175824175	5	66
AJKAD5CH	0x782215247df2	46.6293010945274	-65.7640232992966	65.20879120879121	5	67
F4OSGIIT	0x4a49fa5caba2	46.6293010945274	-65.7640232992966	68.24175824175825	5	68
MVNBSCVJ	0xfd764fa1b64a	46.6293010945274	-65.7640232992966	71.27472527472526	5	69
1P9HDG2B	0x57b548cdfbe8	46.6293010945274	-65.7640232992966	74.30769230769229	5	70
SIER7EPD	0xdbc7bbb44968	46.6293010945274	-65.7640232992966	77.34065934065933	5	71
AKW3TH4Y	0x0b1c082db49b	46.6293010945274	-65.7640232992966	80.37362637362637	5	72
2HU3H8WG	0x5141d84ffd60	46.6293010945274	-65.7640232992966	83.4065934065934	5	73
3FD9CBB4	0x53de954808df	46.6293010945274	-65.7640232992966	86.43956043956044	5	74
AFLRHCMT	0x41477a627682	46.6293010945274	-65.7640232992966	89.47252747252747	5	75
DNLB3AYD	0x50a151c55297	46.6293010945274	-65.7640232992966	92.50549450549448	5	76
DNLS9TYE	0xa32ad0303e5b	46.6293010945274	-65.7640232992966	95.53846153846152	5	77
XKIYNNRU	0x36a0b442fdd1	46.6293010945274	-65.7640232992966	98.57142857142856	5	78
J9WQ27G5	0x44024ae7e0f6	46.6293010945274	-65.7640232992966	101.60439560439559	5	79
FRP1KQGB	0xc2690a53146b	46.6293010945274	-65.7640232992966	104.63736263736263	5	80
GIWYQHH7	0xf5c014d85f71	46.6293010945274	-65.7640232992966	107.67032967032966	5	81
BQJH2MD9	0x15ca5b679efd	46.6293010945274	-65.7640232992966	110.7032967032967	5	82
21DI2TSG	0xbf914ca69541	46.6293010945274	-65.7640232992966	113.73626373626374	5	83
633VIJ9N	0x7d008bebde46	46.6293010945274	-65.7640232992966	116.76923076923077	5	84
NZCLIORX	0x874ac8b4f837	46.6293010945274	-65.7640232992966	119.80219780219778	5	85
H8ORF0SN	0x3353bcacf14b	46.6293010945274	-65.7640232992966	122.83516483516485	5	86
UPZYXPPY	0x4dd871ef4c8d	46.6293010945274	-65.7640232992966	125.86813186813185	5	87
ZL0EEUHN	0xc611c1f8b0b4	46.6293010945274	-65.7640232992966	128.90109890109886	5	88
JV37UFO4	0xf9570ea13671	46.6293010945274	-65.7640232992966	131.93406593406593	5	89
AX4CD0NC	0x69ac8fcb70ea	46.6293010945274	-65.7640232992966	134.96703296703294	5	90
5K9ICN8J	0x6ef993500eee	46.6293010945274	-65.7640232992966	138.0	5	91
LH6IOLXS	0x611315287142	69.72807605488235	-39.91305285862601	-138.0	6	0
VPETFHNS	0x46d01b55677c	69.72807605488235	-39.91305285862601	-134.96703296703296	6	1
604ZVJUJ	0xdc162010ad26	69.72807605488235	-39.91305285862601	-131.93406593406593	6	2
28AJ2XDM	0xbac5ba7f2320	69.72807605488235	-39.91305285862601	-128.9010989010989	6	3
CF9CL5O8	0x22e7d232a7e3	69.72807605488235	-39.91305285862601	-125.86813186813187	6	4
S75W26E9	0xe6e099d9216d	69.72807605488235	-39.91305285862601	-122.83516483516483	6	5
CO9TLXP3	0xa13ccf6ef9c6	69.72807605488235	-39.91305285862601	-119.80219780219781	6	6
KWTO9AAJ	0xadf38a0041c2	69.72807605488235	-39.91305285862601	-116.76923076923077	6	7
6N68IEQU	0xae34ecab5c72	69.72807605488235	-39.91305285862601	-113.73626373626374	6	8
TREFKAXY	0xcd9a4465edfc	69.72807605488235	-39.91305285862601	-110.7032967032967	6	9
QJ55NV1Y	0x6b8d3fb8dcdf	69.72807605488235	-39.91305285862601	-107.67032967032966	6	10
D8ZHRPWB	0x0c83154d5257	69.72807605488235	-39.91305285862601	-104.63736263736264	6	11
A9NX2074	0x87fbb052ce49	69.72807605488235	-39.91305285862601	-101.6043956043956	6	12
XTKFE6YG	0x315cc73c42d2	69.72807605488235	-39.91305285862601	-98.57142857142857	6	13
HM54PTEA	0x52361f2bedcd	69.72807605488235	-39.91305285862601	-95.53846153846155	6	14
26N6XJJH	0x524e158a6dbe	69.72807605488235	-39.91305285862601	-92.50549450549451	6	15
2NZ9WNRM	0x946d10aa0fc6	69.72807605488235	-39.91305285862601	-89.47252747252747	6	16
W4VE16KX	0x45d874c532fd	69.72807605488235	-39.91305285862601	-86.43956043956044	6	17
UYJICADE	0x4b5802cc3b82	69.72807605488235	-39.91305285862601	-83.4065934065934	6	18
O7QTZ2ZQ	0x5746e48d2070	69.72807605488235	-39.91305285862601	-80.37362637362638	6	19
4522MW4K	0x3af90d15f8f1	69.72807605488235	-39.91305285862601	-77.34065934065934	6	20
464DRS2B	0xb7cdff7ee391	69.72807605488235	-39.91305285862601	-74.3076923076923	6	21
KBUPGIOY	0x7404e314f9f2	69.72807605488235	-39.91305285862601	-71.27472527472528	6	22
CP8GHNR2	0x14c427279302	69.72807605488235	-39.91305285862601	-68.24175824175825	6	23
JV3J6DB2	0xa69a535057c5	69.72807605488235	-39.91305285862601	-65.20879120879121	6	24
WM69FQT5	0x85f39e0d5e07	69.72807605488235	-39.91305285862601	-62.175824175824175	6	25
3850S19V	0xe202458df284	69.72807605488235	-39.91305285862601	-59.14285714285714	6	26
4A1SGOFP	0x219a03baa645	69.72807605488235	-39.91305285862601	-56.10989010989012	6	27
R3FTTG3J	0xb89df6b11ed8	69.72807605488235	-39.91305285862601	-53.07692307692308	6	28
XDPEDTPM	0xc1bc1ebbcfd8	69.72807605488235	-39.91305285862601	-50.043956043956044	6	29
KLSP0UCN	0x0244ccccad7d	69.72807605488235	-39.91305285862601	-47.01098901098902	6	30
F738YGEC	0x5f5f198aee8a	69.72807605488235	-39.91305285862601	-43.978021978021985	6	31
MI98XMK1	0x32d033baec6a	69.72807605488235	-39.91305285862601	-40.94505494505495	6	32
T7NMRCL4	0xf47fdeb54f50	69.72807605488235	-39.91305285862601	-37.91208791208791	6	33
6EF2H96T	0x32ec6daaf8f4	69.72807605488235	-39.91305285862601	-34.879120879120876	6	34
DQR26V3J	0xb3c499db422c	69.72807605488235	-39.91305285862601	-31.846153846153854	6	35
IHKUN83B	0x69cef6b14695	69.72807605488235	-39.91305285862601	-28.813186813186817	6	36
L1PIFPYV	0xd1b63ddbf7d9	69.72807605488235	-39.91305285862601	-25.78021978021978	6	37
NBRRNJEY	0xb7f7ee7b5a32	69.72807605488235	-39.91305285862601	-22.74725274725276	6	38
KCLG6TW9	0x12b154ccf353	69.72807605488235	-39.91305285862601	-19.714285714285722	6	39
J99TVQ09	0xa62239e4c374	69.72807605488235	-39.91305285862601	-16.681318681318686	6	40
53O1Y3NM	0xdbab83c79d29	69.72807605488235	-39.91305285862601	-13.64835164835165	6	41
H942DB8Q	0xb4dfe7e8cc18	69.72807605488235	-39.91305285862601	-10.615384615384613	6	42
G4X795FI	0x0af23caadb09	69.72807605488235	-39.91305285862601	-7.582417582417577	6	43
BOUCA0WN	0xb58d8cff5420	69.72807605488235	-39.91305285862601	-4.549450549450569	6	44
XM3K43TN	0x55263937299b	69.72807605488235	-39.91305285862601	-1.5164835164835324	6	45
SXBSJIZZ	0x704d5166b9b5	69.72807605488235	-39.91305285862601	1.516483516483504	6	46
FQIY38TZ	0x7377ba918bcc	69.72807605488235	-39.91305285862601	4.54945054945054	6	47
92NQG8P9	0xde2d7b084683	69.72807605488235	-39.91305285862601	7.582417582417577	6	48
KVUZMSXZ	0x76cbfd2beaf1	69.72807605488235	-39.91305285862601	10.615384615384613	6	49
O706X5CT	0xfe29ba21d32b	69.72807605488235	-39.91305285862601	13.64835164835165	6	50
N6JMA7IK	0x0ceac154ba49	69.72807605488235	-39.91305285862601	16.681318681318686	6	51
BQN2ES4E	0x7280eab98297	69.72807605488235	-39.91305285862601	19.714285714285722	6	52
3SN19URM	0x46dec1dd8a18	69.72807605488235	-39.91305285862601	22.74725274725273	6	53
HOA75SGJ	0x73520c3a43bb	69.72807605488235	-39.91305285862601	25.780219780219767	6	54
OBHR2M0F	0xac990e70e3bb	69.72807605488235	-39.91305285862601	28.813186813186803	6	55
M90ZK1WO	0x556b4b200a47	69.72807605488235	-39.91305285862601	31.84615384615384	6	56
3S7T8KSN	0xdf5063ce62b1	69.72807605488235	-39.91305285862601	34.879120879120876	6	57
LSTZX0CM	0x5ad8cd7d7ed0	69.72807605488235	-39.91305285862601	37.91208791208791	6	58
ZLVVXA81	0x73bb1f7138e8	69.72807605488235	-39.91305285862601	40.94505494505495	6	59
X9Y1OUOE	0xaa108ed0a0c0	69.72807605488235	-39.91305285862601	43.97802197802196	6	60
GO9NX1BW	0x7df0b3dfa16b	69.72807605488235	-39.91305285862601	47.01098901098899	6	61
5RVBP8DF	0x96a70a567fb2	69.72807605488235	-39.91305285862601	50.04395604395603	6	62
MAV1XT7G	0xc864bb6b9951	69.72807605488235	-39.91305285862601	53.076923076923066	6	63
70SVFXA7	0xf8057ee65112	69.72807605488235	-39.91305285862601	56.1098901098901	6	64
465V49H4	0x707146ba85d3	69.72807605488235	-39.91305285862601	59.14285714285714	6	65
ODSOWMPQ	0x06a311d6ccf0	69.72807605488235	-39.91305285862601	62.175824175824175	6	66
WA3YOI1V	0xf02758205775	69.72807605488235	-39.91305285862601	65.20879120879121	6	67
OWS4LFFK	0x376f0b9e586d	69.72807605488235	-39.91305285862601	68.24175824175825	6	68
SABEF0TO	0x7f663a59d736	69.72807605488235	-39.91305285862601	71.27472527472526	6	69
61LKS9SG	0xef88c7531720	69.72807605488235	-39.91305285862601	74.30769230769229	6	70
3RRSFDMG	0x7f752594e7cd	69.72807605488235	-39.91305285862601	77.34065934065933	6	71
EZVL3HYC	0x734e66602b86	69.72807605488235	-39.91305285862601	80.37362637362637	6	72
NFTKDPUT	0x67a9acacc1c6	69.72807605488235	-39.91305285862601	83.4065934065934	6	73
QYCP383X	0x0c947f72a56a	69.72807605488235	-39.91305285862601	86.43956043956044	6	74
SJQKBZFA	0xb64d37cc00de	69.72807605488235	-39.91305285862601	89.47252747252747	6	75
1PM8LPMI	0x0f852ffbfc88	69.72807605488235	-39.91305285862601	92.50549450549448	6	76
O4Y0W6PJ	0x7731d596423a	69.72807605488235	-39.91305285862601	95.53846153846152	6	77
YLKQBDHA	0x6c3b94254f17	69.72807605488235	-39.91305285862601	98.57142857142856	6	78
52KO7246	0xfc1eb07a05ee	69.72807605488235	-39.91305285862601	101.60439560439559	6	79
3X9C3KTT	0xafaf0ec00a5b	69.72807605488235	-39.91305285862601	104.63736263736263	6	80
HG6EXP2O	0x84f8083a14ca	69.72807605488235	-39.91305285862601	107.67032967032966	6	81
ZUOXQW3M	0xed83c2dde833	69.72807605488235	-39.91305285862601	110.7032967032967	6	82
67JRH9M2	0x7c6754c9304d	69.72807605488235	-39.91305285862601	113.73626373626374	6	83
B41PV2RJ	0x4009226ae8d1	69.72807605488235	-39.91305285862601	116.76923076923077	6	84
5S5QEQ1H	0x856e40ed4c05	69.72807605488235	-39.91305285862601	119.80219780219778	6	85
5P8VYFVM	0x0a5551b7642e	69.72807605488235	-39.91305285862601	122.83516483516485	6	86
INXMOGCL	0x9d87cbc81cb1	69.72807605488235	-39.91305285862601	125.86813186813185	6	87
37QHNH0C	0xf2919e391b76	69.72807605488235	-39.91305285862601	128.90109890109886	6	88
O8LV5AK5	0xa15830649597	69.72807605488235	-39.91305285862601	131.93406593406593	6	89
CPZGO8KB	0x5cb6edaf2fde	69.72807605488235	-39.91305285862601	134.96703296703294	6	90
08GVWIDU	0xa70609bb6486	69.72807605488235	-39.91305285862601	138.0	6	91
4TSO7F7H	0x149f047ff633	97.71637272217376	-63.86828546698076	-138.0	7	0
H2W7AWH4	0x94c90a3695d0	97.71637272217376	-63.86828546698076	-134.96703296703296	7	1
GC37MCUZ	0xa2048489ad73	97.71637272217376	-63.86828546698076	-131.93406593406593	7	2
QCHBTM54	0x47e02c79f229	97.71637272217376	-63.86828546698076	-128.9010989010989	7	3
768KP5QP	0xe1768e447d7b	97.71637272217376	-63.86828546698076	-125.86813186813187	7	4
LKNDR0RH	0xe3b86e979383	97.71637272217376	-63.86828546698076	-122.83516483516483	7	5
TZPVTC71	0xd119013bba22	97.71637272217376	-63.86828546698076	-119.80219780219781	7	6
S1C3INNH	0x035fe70c669b	97.71637272217376	-63.86828546698076	-116.76923076923077	7	7
CBSQY0L0	0x3ce00510c54e	97.71637272217376	-63.86828546698076	-113.73626373626374	7	8
CF0A5YF9	0xa4909f8d7761	97.71637272217376	-63.86828546698076	-110.7032967032967	7	9
GG0DJ63H	0x8419120e37f9	97.71637272217376	-63.86828546698076	-107.67032967032966	7	10
H9L9NKQX	0x80e5a1ee648f	97.71637272217376	-63.86828546698076	-104.63736263736264	7	11
2E6N0ACU	0x79bd0c795305	97.71637272217376	-63.86828546698076	-101.6043956043956	7	12
0J46JE2D	0x75abe13c9cf0	97.71637272217376	-63.86828546698076	-98.57142857142857	7	13
336BHH7V	0x3899c12b7808	97.71637272217376	-63.86828546698076	-95.53846153846155	7	14
YUROEJO5	0xbb92677e34db	97.71637272217376	-63.86828546698076	-92.50549450549451	7	15
59CKSB2H	0x5b2553d541ca	97.71637272217376	-63.86828546698076	-89.47252747252747	7	16
CUCMBVID	0x42bc8dd8a10e	97.71637272217376	-63.86828546698076	-86.43956043956044	7	17
EMIKP6NQ	0xd3f4390279f6	97.71637272217376	-63.86828546698076	-83.4065934065934	7	18
W232CUTL	0xa6b1370b7597	97.71637272217376	-63.86828546698076	-80.37362637362638	7	19
Z2OEYZXL	0xfb3567be2679	97.71637272217376	-63.86828546698076	-77.34065934065934	7	20
C67S0GFL	0x7a5b020edbf9	97.71637272217376	-63.86828546698076	-74.3076923076923	7	21
GKAEAEMV	0x22de49433a35	97.71637272217376	-63.86828546698076	-71.27472527472528	7	22
FXKH6F3X	0xecfafec67d2f	97.71637272217376	-63.86828546698076	-68.24175824175825	7	23
DC2ZYPZD	0x6ed82fae22eb	97.71637272217376	-63.86828546698076	-65.20879120879121	7	24
NYA11GHW	0x03b21c28792f	97.71637272217376	-63.86828546698076	-62.175824175824175	7	25
85ZCFKZ8	0x5bb4def7f34f	97.71637272217376	-63.86828546698076	-59.14285714285714	7	26
8H05G57E	0x73dcd3cca068	97.71637272217376	-63.86828546698076	-56.10989010989012	7	27
G34KV60R	0x0222273eced8	97.71637272217376	-63.86828546698076	-53.07692307692308	7	28
SM6SFKTH	0x98d2983abe20	97.71637272217376	-63.86828546698076	-50.043956043956044	7	29
ZT2MEX0P	0x711fc7298185	97.71637272217376	-63.86828546698076	-47.01098901098902	7	30
HVRWOPI5	0x300ecb8c0478	97.71637272217376	-63.86828546698076	-43.978021978021985	7	31
YNJZVKNT	0x9e46576c1cc6	97.71637272217376	-63.86828546698076	-40.94505494505495	7	32
YIWSUHSK	0x5174bb8c818c	97.71637272217376	-63.86828546698076	-37.91208791208791	7	33
WCTPL35R	0x90abd580d533	97.71637272217376	-63.86828546698076	-34.879120879120876	7	34
HD7VV0I9	0xdce0c4bbbf95	97.71637272217376	-63.86828546698076	-31.846153846153854	7	35
B3EDXBX9	0xce815470795a	97.71637272217376	-63.86828546698076	-28.813186813186817	7	36
AIO5SDY7	0xcb65fca18c7f	97.71637272217376	-63.86828546698076	-25.78021978021978	7	37
05QASHYK	0x8768a7a477e1	97.71637272217376	-63.86828546698076	-22.74725274725276	7	38
FLC2O5DA	0xf1947e071170	97.71637272217376	-63.86828546698076	-19.714285714285722	7	39
RMEPC6ZY	0x8c6f67d203ea	97.71637272217376	-63.86828546698076	-16.681318681318686	7	40
ANHFXT7R	0xcd47f719d857	97.71637272217376	-63.86828546698076	-13.64835164835165	7	41
7GYZZDQ1	0x4c28370b90d7	97.71637272217376	-63.86828546698076	-10.615384615384613	7	42
OWZ7ID38	0x09eda0c7bc8e	97.71637272217376	-63.86828546698076	-7.582417582417577	7	43
N0B0PF44	0xff8c26b88be7	97.71637272217376	-63.86828546698076	-4.549450549450569	7	44
T1TEPDGO	0xfe3210142e84	97.71637272217376	-63.86828546698076	-1.5164835164835324	7	45
1K4O6Q42	0xc3be0cf49555	97.71637272217376	-63.86828546698076	1.516483516483504	7	46
5HUNG3CR	0x22b9a5345b08	97.71637272217376	-63.86828546698076	4.54945054945054	7	47
NDGLAHHD	0x7162bedc828c	97.71637272217376	-63.86828546698076	7.582417582417577	7	48
ME8PYFJZ	0x8b7de9b4cd86	97.71637272217376	-63.86828546698076	10.615384615384613	7	49
C813X5RI	0x5df001246cf7	97.71637272217376	-63.86828546698076	13.64835164835165	7	50
RY20CFJH	0xc0e5c2541d3d	97.71637272217376	-63.86828546698076	16.681318681318686	7	51
RF8J6D3P	0x35de803637f0	97.71637272217376	-63.86828546698076	19.714285714285722	7	52
LK9IAXKL	0x0d722ad0de46	97.71637272217376	-63.86828546698076	22.74725274725273	7	53
DIRZZS4N	0xc67605f59958	97.71637272217376	-63.86828546698076	25.780219780219767	7	54
H0POANID	0x75b0551f7e01	97.71637272217376	-63.86828546698076	28.813186813186803	7	55
IHKIJ6W1	0x58ed479e8819	97.71637272217376	-63.86828546698076	31.84615384615384	7	56
I9FU4FEY	0xd04a94276cf0	97.71637272217376	-63.86828546698076	34.879120879120876	7	57
N3TDL2AU	0x1e8623d51303	97.71637272217376	-63.86828546698076	37.91208791208791	7	58
P5S1VGEX	0xe2828351b9b5	97.71637272217376	-63.86828546698076	40.94505494505495	7	59
JHHNMXT0	0x0ac0ba35eb37	97.71637272217376	-63.86828546698076	43.97802197802196	7	60
HJ82CBBG	0x2b6727ac2f4f	97.71637272217376	-63.86828546698076	47.01098901098899	7	61
S4EC5A2L	0x84ab65ed9e37	97.71637272217376	-63.86828546698076	50.04395604395603	7	62
9GWZQ7LT	0x28958617fe63	97.71637272217376	-63.86828546698076	53.076923076923066	7	63
GBPFGU4S	0x61ae11cd7b8b	97.71637272217376	-63.86828546698076	56.1098901098901	7	64
JVUJ6TE7	0x8fc05866c3fe	97.71637272217376	-63.86828546698076	59.14285714285714	7	65
790KFCKB	0xac6eb732f1a6	97.71637272217376	-63.86828546698076	62.175824175824175	7	66
5NLEP9US	0x24d805672815	97.71637272217376	-63.86828546698076	65.20879120879121	7	67
D3KJ9XZB	0xa41c2023216e	97.71637272217376	-63.86828546698076	68.24175824175825	7	68
GOQGT6UH	0x3156d517b8f8	97.71637272217376	-63.86828546698076	71.27472527472526	7	69
4BOO9UA5	0xa684c4ec0650	97.71637272217376	-63.86828546698076	74.30769230769229	7	70
MG7WDDW6	0x5be3421f27a2	97.71637272217376	-63.86828546698076	77.34065934065933	7	71
HK10D778	0x84c7d77c1009	97.71637272217376	-63.86828546698076	80.37362637362637	7	72
RLDRQNTE	0x67f785e17b73	97.71637272217376	-63.86828546698076	83.4065934065934	7	73
R614VHIY	0xc12fca6c166c	97.71637272217376	-63.86828546698076	86.43956043956044	7	74
9HJZ64J7	0x0e87081f8ac9	97.71637272217376	-63.86828546698076	89.47252747252747	7	75
FJZL56MQ	0xb494dff0a51a	97.71637272217376	-63.86828546698076	92.50549450549448	7	76
JB4KGQWY	0xcde95ad73e9f	97.71637272217376	-63.86828546698076	95.53846153846152	7	77
HIK9WZK7	0x09e98b4ebe4d	97.71637272217376	-63.86828546698076	98.57142857142856	7	78
WEU30C85	0xff03b6dd6b9f	97.71637272217376	-63.86828546698076	101.60439560439559	7	79
SMYG7UF3	0x40fe1648c1a4	97.71637272217376	-63.86828546698076	104.63736263736263	7	80
OCAVGDK6	0xe12bbf052f3c	97.71637272217376	-63.86828546698076	107.67032967032966	7	81
TMOF73JO	0x02b90f8f37f0	97.71637272217376	-63.86828546698076	110.7032967032967	7	82
DKF5RNDE	0xc6ee9f6c2e98	97.71637272217376	-63.86828546698076	113.73626373626374	7	83
6WMKEM96	0x5b96ddae4894	97.71637272217376	-63.86828546698076	116.76923076923077	7	84
NM3A3BUF	0x8475b7c49d3a	97.71637272217376	-63.86828546698076	119.80219780219778	7	85
E91WMGOU	0xefd6b492bea6	97.71637272217376	-63.86828546698076	122.83516483516485	7	86
SBS0EXBR	0xb0ed34d8748b	97.71637272217376	-63.86828546698076	125.86813186813185	7	87
1FSXO26J	0x9cc358de8683	97.71637272217376	-63.86828546698076	128.90109890109886	7	88
N42791RE	0x84d143161cec	97.71637272217376	-63.86828546698076	131.93406593406593	7	89
CSSLSJLS	0xac28a3bd3a18	97.71637272217376	-63.86828546698076	134.96703296703294	7	90
N7EFPFFS	0x1c3005eecf83	97.71637272217376	-63.86828546698076	138.0	7	91
