UP9P3904	0x1b8533c6fbd0	31.25	-72.93	-1759.78	79	1
TP9P3837	0xd2f11ad8ec73	31.25	-72.93	-1769.79	79	2
UP9P3848	0x0f7e9d24f851	31.25	-72.93	-1779.8	79	3
TP9P3771	0xd48058d32a71	31.25	-72.93	-1789.81	79	4
UP9P3778	0x981ed4d7db54	31.25	-72.93	-1799.83	79	5
TP9P3763	0xea6f08e6bb11	31.25	-72.93	-1809.84	79	6
UP9P3792	0xe1792a1fa122	31.25	-72.93	-1819.85	79	7
TP9P3901	0x99f63f10eaad	31.25	-72.93	-1829.86	79	8
UP9P3820	0xc05e857f435b	31.25	-72.93	-1839.87	79	9
TP7H8307	0xa3e3c04d9329	31.25	-72.93	-1849.89	79	10
UP9P3850	0x1821412a7ad7	31.25	-72.93	-2107.2	79	11
TP9P3925	0x71ad6bc95fc7	31.25	-72.93	-2114.21	79	12
UP9P3898	0x10c3ce40b938	31.25	-72.93	-2121.22	79	13
TP9P3781	0x3fbf9a0584c1	31.25	-72.93	-2128.23	79	14
UP9P3746	0x62bf2ac01cd6	31.25	-72.93	-2135.23	79	15
TP8H8505	0x90d73b6d5d4b	31.25	-72.93	-2142.24	79	16
UP8H8508	0xca4a42fff921	31.25	-72.93	-2149.25	79	17
TP9P3845	0x9ff56ad0ddf1	31.25	-72.93	-2156.26	79	18
UP8P3616	0x191095b9168d	31.25	-72.93	-2163.27	79	19
TP8H8535	0x67fca4d31d08	31.25	-72.93	-2170.28	79	20
UP9P3814	0x28653c56b40b	31.25	-72.93	-2177.29	79	21
TP9P3903	0x96d473d46c86	31.25	-72.93	-2184.29	79	22
UP9P3762	0xc913c77ddddc	31.25	-72.93	-2191.3	79	23
TP9P3869	0x078ef738bc80	31.25	-72.93	-2198.31	79	24
UP9P3854	0xd3710b74c542	31.25	-72.93	-2205.32	79	25
TP9P3769	0x0208144ca98e	31.25	-72.93	-2212.33	79	26
UP9P3868	0xf32f79c5fadf	31.25	-72.93	-2219.34	79	27
TP9P3779	0x474107574a40	31.25	-72.93	-2226.35	79	28
UP9P3864	0x07e71392dc07	31.25	-72.93	-2233.35	79	29
TL9P6625	0xbefc5df53552	31.25	-72.93	-2240.36	79	30
UL8P6502	0x903dafa188de	31.25	-72.93	-2247.37	79	31
TP9P3835	0x6489d0ab4784	31.25	-72.93	-2254.38	79	32
UL8P6520	0xcec3f4200bd4	31.25	-72.93	-2261.39	79	33
TL9P6629	0x687d4af7bf5d	31.25	-72.93	-2268.4	79	34
UL9P6714	0x722ebbb4d0d8	31.25	-72.93	-2275.41	79	35
TL9P6631	0x4ed207992af2	31.25	-72.93	-2282.41	79	36
UL9P6720	0xb6ee10baf344	31.25	-72.93	-2289.42	79	37
TL9P6645	0xe47326d06c96	31.25	-72.93	-2296.43	79	38
UL9P6728	0xd98e25be9e73	31.25	-72.93	-2303.44	79	39
TL9P6649	0xcdea39171681	31.25	-72.93	-2310.45	79	40
UP9P3832	0x4af78500bbf6	31.25	-72.93	-2317.46	79	41
TL9P6651	0x3b0bbb9a16aa	31.25	-72.93	-2324.47	79	42
UP7H8196	0x10f578592af0	31.25	-72.93	-2331.47	79	43
TL9P6617	0xd804447f783f	31.25	-72.93	-2338.48	79	44
UP9P3786	0x72303c4596fa	31.25	-72.93	-2345.49	79	45
TP8H8517	0xa00051e7e3b1	31.25	-72.93	-2352.5	79	46
UP9P3780	0x09b91d7afd51	31.25	-72.93	-2359.51	79	47
TP9P3847	0x149d0400b77d	31.25	-72.93	-2366.52	79	48
UP7H8282	0xdfe3ebe6b601	31.25	-72.93	-2373.52	79	49
TP9P3805	0x4c57c49fd6b4	31.25	-72.93	-2380.53	79	50
UP9P3846	0xb0b47179e162	31.25	-72.93	-2387.54	79	51
TP9P3831	0x57dcabd8cb3e	31.25	-72.93	-2394.55	79	52
UP9P3834	0xdc669a545471	31.25	-72.93	-2401.56	79	53
TP9P3765	0xb490f3903bd5	31.25	-72.93	-2408.57	79	54
XABCDEF8	0x012345678908	31.25	-72.93	-2415.58	79	55
XABCDEF9	0x012345678909	31.25	-72.93	-2422.58	79	56
UP9P3760	0x62af5302fcc3	31.25	-72.93	-2429.59	79	57
TP9P3747	0x04e30a7eb1b5	31.25	-72.93	-2436.6	79	58
UP8H8516	0xd90ae58c2ce7	31.25	-72.93	-2443.61	79	59
TP9P3905	0x2efcedafc0ae	31.25	-72.93	-2451.49	79	60
UP9P3870	0xd7b3979aee54	72.37	-66.6	-1760.48	80	1
TP6H7657	0x3b8baeea2b06	72.37	-66.6	-1770.49	80	2
UP8H8526	0xebe074e96c81	72.37	-66.6	-1780.5	80	3
TP9P3825	0x936200df11cf	72.37	-66.6	-1790.51	80	4
UP6H7628	0xd95f740ef176	72.37	-66.6	-1800.53	80	5
TP9P3813	0x714f149ff3d7	72.37	-66.6	-1810.54	80	6
UP9P3812	0xc5a4400f14b6	72.37	-66.6	-1820.55	80	7
TP6H7709	0x42cbf51f7a9f	72.37	-66.6	-1830.56	80	8
UP9P3700	0x4e299fa414ed	72.37	-66.6	-1840.57	80	9
TP8H8503	0x93dd6212a2d8	72.37	-66.6	-1850.59	80	10
UP8H8530	0x160fa44d4673	72.37	-66.6	-2107.9	80	11
TP9P3823	0x98d24908a858	72.37	-66.6	-2114.91	80	12
UP9P3822	0x851e25fc2fa7	72.37	-66.6	-2121.92	80	13
TP8P3609	0x3f7255207788	72.37	-66.6	-2128.93	80	14
UP7P2474	0x794fcdbd1822	72.37	-66.6	-2135.93	80	15
TP6H7695	0x12b9f942766b	72.37	-66.6	-2142.94	80	16
UP9P3826	0x8df5c5cc79ee	72.37	-66.6	-2149.95	80	17
TP8P3583	0xb3dd9619e8c7	72.37	-66.6	-2156.96	80	18
UP8H8510	0x8bcb27666ae8	72.37	-66.6	-2163.97	80	19
TP5H0245	0x246f3b6fc16f	72.37	-66.6	-2170.98	80	20
UP8H8514	0x482f334ae07c	72.37	-66.6	-2177.99	80	21
TP7P2671	0x9956159a32c9	72.37	-66.6	-2184.99	80	22
UP7P2574	0x51181f3db5ea	72.37	-66.6	-2192	80	23
TP8P3425	0xa986747a219c	72.37	-66.6	-2199.01	80	24
UP8P3596	0xbba8eec4cf29	72.37	-66.6	-2206.02	80	25
TP9P3841	0xa2eb6aebcb04	72.37	-66.6	-2213.03	80	26
UP7H8240	0x67148ebfb243	72.37	-66.6	-2220.04	80	27
TP8P3197	0xf9304891b18b	72.37	-66.6	-2227.05	80	28
UP7H8104	0xd05b09bcd864	72.37	-66.6	-2234.05	80	29
TL9H6017	0xc33f41d50306	72.37	-66.6	-2241.06	80	30
UL9P6612	0x201d4e7aa59c	72.37	-66.6	-2248.07	80	31
TL9P6733	0xe40dc035ecd0	72.37	-66.6	-2255.08	80	32
UL9P6656	0x7ad88f75809b	72.37	-66.6	-2262.09	80	33
TL9P6621	0x0b78d4bd9c3c	72.37	-66.6	-2269.1	80	34
UL9H6138	0x99e44c88261d	72.37	-66.6	-2276.11	80	35
TL9H6099	0x56afa723acdc	72.37	-66.6	-2283.11	80	36
UL9P6604	0x081e98b0f7b4	72.37	-66.6	-2290.12	80	37
TL9H6077	0x323dd8855c25	72.37	-66.6	-2297.13	80	38
UL9P6700	0x38a39e8f8c99	72.37	-66.6	-2304.14	80	39
TL9P6647	0x9ad0af81d290	72.37	-66.6	-2311.15	80	40
UL9H6050	0x51d906ffbc61	72.37	-66.6	-2318.16	80	41
TL9H6093	0xd5f68ab474ae	72.37	-66.6	-2325.17	80	42
UL9P6628	0x705522d9c062	72.37	-66.6	-2332.17	80	43
TP8H8525	0x92697d6bbac5	72.37	-66.6	-2339.18	80	44
UP7P2598	0x4fa9bd161dfc	72.37	-66.6	-2346.19	80	45
TP6H7721	0x95765f3e6f21	72.37	-66.6	-2353.2	80	46
UP6H7752	0xf5a956b102e8	72.37	-66.6	-2360.21	80	47
TP9P3821	0x3e88673e84bc	72.37	-66.6	-2367.22	80	48
UP8P3624	0x38075fec8d71	72.37	-66.6	-2374.23	80	49
TP7H8313	0xf5a6616222dc	72.37	-66.6	-2381.23	80	50
UP8Y5052	0xaacca506e50e	72.37	-66.6	-2388.24	80	51
TP9P3895	0x0b02b5dd41da	72.37	-66.6	-2395.25	80	52
UP8H8528	0x208c9609f580	72.37	-66.6	-2402.26	80	53
TP7H8299	0x130ddbf43150	72.37	-66.6	-2409.27	80	54
UP7P2580	0xace3174f334d	72.37	-66.6	-2416.28	80	55
TP8P3607	0x87815acbcaa3	72.37	-66.6	-2423.29	80	56
UP9P3940	0x6ffcf4bbf40e	72.37	-66.6	-2430.29	80	57
TP9P3975	0xf07cb4eda6cf	72.37	-66.6	-2437.3	80	58
UP9P3926	0x3e33dd75141c	72.37	-66.6	-2444.31	80	59
TP9P3937	0xa33d1c780d4c	72.37	-66.6	-2451.7	80	60
UL9H6172	0x831abfedd99a	41.6	35.49	-1758.55	81	1
TL9H6067	0x909bb8f86b53	41.6	35.49	-1768.56	81	2
UL9H6036	0x661ececf8523	41.6	35.49	-1778.57	81	3
TL9H6035	0x657f244d0926	41.6	35.49	-1788.58	81	4
UL9H6026	0x267e18bd60f6	41.6	35.49	-1798.6	81	5
TL9H6025	0x35ffcab99de9	41.6	35.49	-1808.61	81	6
UL9H6028	0x4137b59346c5	41.6	35.49	-1818.62	81	7
TL9H6049	0x3a22318eb4f2	41.6	35.49	-1828.63	81	8
UL9H6010	0x5a802cd40628	41.6	35.49	-1838.64	81	9
TL9H6119	0x9f9f82ac0405	41.6	35.49	-1848.66	81	10
UL9H6060	0x9a34f65c7b79	41.6	35.49	-2105.97	81	11
TL9H6065	0x62923649561e	41.6	35.49	-2112.98	81	12
UL9P6622	0xc4842482e491	41.6	35.49	-2119.99	81	13
TL9H6087	0x3eac459db789	41.6	35.49	-2127	81	14
UL9H6014	0x38fe11a899d0	41.6	35.49	-2134	81	15
TL9P6643	0x6701e992eb0b	41.6	35.49	-2141.01	81	16
UL9H6018	0x0e380b060ba7	41.6	35.49	-2148.02	81	17
TL9H6009	0x84cae68c6924	41.6	35.49	-2155.03	81	18
UL9H6090	0x8b88a9d5709c	41.6	35.49	-2162.04	81	19
TL9H6029	0x720a5fd55d53	41.6	35.49	-2169.05	81	20
UL9H6130	0x6f09700f1757	41.6	35.49	-2176.06	81	21
TL8H6003	0xc223af68a5e5	41.6	35.49	-2183.06	81	22
UL9H6048	0x783967143061	41.6	35.49	-2190.07	81	23
TL9H6027	0xd7bb69f4d73b	41.6	35.49	-2197.08	81	24
UL9H6042	0x2064132c45d5	41.6	35.49	-2204.09	81	25
TL9H6109	0x5a180b0ac9a7	41.6	35.49	-2211.1	81	26
UL9P6634	0x6e36d2f2af1a	41.6	35.49	-2218.11	81	27
TL9H6071	0x21d5967fda84	41.6	35.49	-2225.12	81	28
UL9H6092	0x8cb936a40bc0	41.6	35.49	-2232.12	81	29
TL9H6045	0x79c9cb41b839	41.6	35.49	-2239.13	81	30
UL9P6636	0x5fc989fb3797	41.6	35.49	-2246.14	81	31
TL9H6085	0x770b2d011fe4	41.6	35.49	-2253.15	81	32
UL9H6012	0xc79182b2600f	41.6	35.49	-2260.16	81	33
TL9P6709	0x2be00fdf2cbf	41.6	35.49	-2267.17	81	34
UL9P6640	0x676f9982c699	41.6	35.49	-2274.18	81	35
TL8H6007	0x428b3be9a722	41.6	35.49	-2281.18	81	36
UL9H6062	0xa625b26a4b96	41.6	35.49	-2288.19	81	37
TL8H6005	0xe618b221c73c	41.6	35.49	-2295.2	81	38
UL9H6022	0xf76b3d17c81c	41.6	35.49	-2302.21	81	39
TL9P6639	0x23058b77c040	41.6	35.49	-2309.22	81	40
UL9P6602	0x74f9e382bec0	41.6	35.49	-2316.23	81	41
TL9H6111	0xb5ba44a5d4f1	41.6	35.49	-2323.24	81	42
UL9P6658	0xa2ec277a9169	41.6	35.49	-2330.24	81	43
TL9P6635	0xfea76575b89f	41.6	35.49	-2337.25	81	44
UL9H6158	0xe930d664dd9a	41.6	35.49	-2344.26	81	45
TL9P6699	0xd842b875ec99	41.6	35.49	-2351.27	81	46
UL9H6070	0xa9524d008d36	41.6	35.49	-2358.28	81	47
TL9H6063	0x40e46b64dc73	41.6	35.49	-2365.29	81	48
UL9P6624	0x7add113376e5	41.6	35.49	-2372.3	81	49
TL9P6697	0x021e6bbd04ab	41.6	35.49	-2379.3	81	50
UL9H6132	0xb82a3f9191bf	41.6	35.49	-2386.31	81	51
TL9P6637	0x032e66a8d2de	41.6	35.49	-2393.32	81	52
UL9H6094	0x1195062ca012	41.6	35.49	-2400.33	81	53
TL9P6717	0x310df24bdf72	41.6	35.49	-2407.34	81	54
UL9P6606	0x2923835433ce	41.6	35.49	-2414.35	81	55
TL9H6097	0x7928e830be8e	41.6	35.49	-2421.36	81	56
UL9H6056	0xd61a76645fe9	41.6	35.49	-2428.36	81	57
TL9H6113	0xa5cd8b7bb5ce	41.6	35.49	-2435.37	81	58
UL9H6162	0x9d34dfb959cb	41.6	35.49	-2442.38	81	59
TL9H6055	0x12d75ea83387	41.6	35.49	-2449.68	81	60
UL9P6680	0x0e27c5127891	106.94	27.09	-1761.41	82	1
TL9P6633	0x995e555e544a	106.94	27.09	-1771.42	82	2
UL9H6030	0x81892efef29d	106.94	27.09	-1781.43	82	3
TL9H6153	0x85c3d97e0e0b	106.94	27.09	-1791.44	82	4
UL9P6712	0x08a262d9fbf0	106.94	27.09	-1801.46	82	5
TL9P6611	0x573dcb87cdcc	106.94	27.09	-1811.47	82	6
UL9H6106	0xf4fa643d6461	106.94	27.09	-1821.48	82	7
TL9H6151	0xbccf7a4e608e	106.94	27.09	-1831.49	82	8
UL9H6034	0x4bb6a3dc3ab1	106.94	27.09	-1841.51	82	9
TL9P6615	0xcc15c3955364	106.94	27.09	-1851.52	82	10
UL9H6098	0x2a78c3a5a950	106.94	27.09	-2108.83	82	11
TL9H6053	0x8311cabdcd24	106.94	27.09	-2115.84	82	12
UL9P6692	0x28723eced9d4	106.94	27.09	-2122.85	82	13
TL9P6681	0x612249c22a57	106.94	27.09	-2129.86	82	14
UL9H6164	0x60ac1b702539	106.94	27.09	-2136.87	82	15
TL9H6135	0xae00e2124afd	106.94	27.09	-2143.87	82	16
UL9P6694	0x834345997d1f	106.94	27.09	-2150.88	82	17
TL9P6723	0xf7049dc485bf	106.94	27.09	-2157.89	82	18
UL9H6126	0xf16b3eaeb4db	106.94	27.09	-2164.9	82	19
TL9H6143	0x1a3551b8b104	106.94	27.09	-2171.91	82	20
UL9H6156	0x628a498e5422	106.94	27.09	-2178.92	82	21
TL9P6679	0x15c67dafd0fe	106.94	27.09	-2185.93	82	22
UL9H6122	0x33c79deed7a4	106.94	27.09	-2192.93	82	23
TL9P6603	0x24b92861463e	106.94	27.09	-2199.94	82	24
UL9P6716	0x0d8f72819b84	106.94	27.09	-2206.95	82	25
TL9P6719	0x473da4683b46	106.94	27.09	-2213.96	82	26
UL8H6002	0xd29a10bb8209	106.94	27.09	-2220.97	82	27
TL9P6605	0xb346e71613b6	106.94	27.09	-2227.98	82	28
UL9P6718	0xeb2d4cbe5e38	106.94	27.09	-2234.99	82	29
TL9P6725	0x77aa590e9e78	106.94	27.09	-2241.99	82	30
UL9H6008	0xd6e4c0f0cbb9	106.94	27.09	-2249	82	31
TL9H6083	0x811560c2d6e1	106.94	27.09	-2256.01	82	32
UL9H6146	0x51815b70e0db	106.94	27.09	-2263.02	82	33
TL9H6031	0xf33381112a1f	106.94	27.09	-2270.03	82	34
UL9H6052	0x82c856c13c38	106.94	27.09	-2277.04	82	35
TL8P6575	0x8d0e22997f60	106.94	27.09	-2284.05	82	36
UL9H6152	0x5919c5e8ca28	106.94	27.09	-2291.05	82	37
TL9H6021	0x849d6f347de2	106.94	27.09	-2298.06	82	38
UL9H6150	0xeaee99c6ac0a	106.94	27.09	-2305.07	82	39
TL8P6513	0x1c2d5c751a47	106.94	27.09	-2312.08	82	40
UL9P6648	0x47e362c76cac	106.94	27.09	-2319.09	82	41
TL9P6689	0xbfdaca429197	106.94	27.09	-2326.1	82	42
UL9P6610	0x7a3c19ce515d	106.94	27.09	-2333.11	82	43
TL9H6131	0x8cf91bcbbfc9	106.94	27.09	-2340.11	82	44
UL9P6690	0x99c95bad62e4	106.94	27.09	-2347.12	82	45
TL9H6137	0xcd6e2e38a032	106.94	27.09	-2354.13	82	46
UL9P6608	0x3506d3a0bf6b	106.94	27.09	-2361.14	82	47
TL9H6059	0x08dd017d681a	106.94	27.09	-2368.15	82	48
UL9P6620	0x2830068c064a	106.94	27.09	-2375.16	82	49
TL9H6013	0xba6567a4bf73	106.94	27.09	-2382.17	82	50
UL9H6074	0x016ebf80b896	106.94	27.09	-2389.17	82	51
TL9H6159	0x5a64e0f85c3c	106.94	27.09	-2396.18	82	52
UL9P6614	0x642407a26869	106.94	27.09	-2403.19	82	53
TL9P6695	0x8f02e80846e2	106.94	27.09	-2410.2	82	54
UL9P6600	0xa7c5b1cbad44	106.94	27.09	-2417.21	82	55
TL9H6091	0x5e1300918f17	106.94	27.09	-2424.22	82	56
UL9P6646	0x5799a318ae7e	106.94	27.09	-2431.23	82	57
TL9P6613	0x1ae4a83e1372	106.94	27.09	-2438.23	82	58
UL8P6540	0xd22cfe60b395	106.94	27.09	-2445.24	82	59
TL9H6101	0xd0a977780c09	106.94	27.09	-2451.69	82	60
UL8P6508	0x846359d64a27	113.19	-60.47	-1761.75	83	1
TL8P6533	0xdfd97262fd9d	113.19	-60.47	-1771.76	83	2
UL8P6536	0xa309eeeb9456	113.19	-60.47	-1781.77	83	3
TL8P6535	0xc0aa431afcd0	113.19	-60.47	-1791.78	83	4
UL8P6530	0xd6e925e95cb7	113.19	-60.47	-1801.8	83	5
TL8P6525	0x21ac0d7b822c	113.19	-60.47	-1811.81	83	6
UL8P6574	0x9ff47113df27	113.19	-60.47	-1821.82	83	7
TL8P6531	0x23b5a2bc3ac4	113.19	-60.47	-1831.83	83	8
UL8P6506	0x804f4dcd788c	113.19	-60.47	-1841.84	83	9
TL8P6509	0x5035ca002be6	113.19	-60.47	-1851.86	83	10
UL8P6576	0xd67fd910f139	113.19	-60.47	-2109.17	83	11
TL8P6529	0xe53385a4835a	113.19	-60.47	-2116.18	83	12
UL8P6516	0x13995a8e34fa	113.19	-60.47	-2123.19	83	13
TL8P6511	0xbaa2f4f4fe85	113.19	-60.47	-2130.2	83	14
UL8P6572	0x4ba106b69f9a	113.19	-60.47	-2137.2	83	15
TL8P6537	0x15a090d58082	113.19	-60.47	-2144.21	83	16
UL8P6566	0x81a6a4354127	113.19	-60.47	-2151.22	83	17
TL8P6521	0x46b26ce2881d	113.19	-60.47	-2158.23	83	18
UL8P6544	0xd1a99593f78d	113.19	-60.47	-2165.24	83	19
TL8P6515	0x291080f467f5	113.19	-60.47	-2172.25	83	20
UL8P6514	0x59846751b6b1	113.19	-60.47	-2179.26	83	21
TL8P6519	0x2cc3f2a04220	113.19	-60.47	-2186.26	83	22
UL8P6552	0x7a1aec7a437d	113.19	-60.47	-2193.27	83	23
TL8P6571	0xe82a9d4efce7	113.19	-60.47	-2200.28	83	24
UL8P6510	0x63a8835167f9	113.19	-60.47	-2207.29	83	25
TL8P6517	0x89884949e7de	113.19	-60.47	-2214.3	83	26
UE8H6000	0xb3ec307f080b	113.19	-60.47	-2221.31	83	27
TE8H6001	0xee7ef841bfb6	113.19	-60.47	-2228.32	83	28
UL8P6512	0x7ab5964b8e9e	113.19	-60.47	-2235.32	83	29
TL8P6507	0x3ff22b00d4be	113.19	-60.47	-2242.33	83	30
UL8P6528	0x2ba95ba3e116	113.19	-60.47	-2249.34	83	31
TL8P6573	0xd04c06ee084a	113.19	-60.47	-2256.35	83	32
UL8P6570	0x6329adbd7c13	113.19	-60.47	-2263.36	83	33
TL8P6505	0x2324ef00691c	113.19	-60.47	-2270.37	83	34
UL8P6558	0x20904c8cb9a6	113.19	-60.47	-2277.38	83	35
TL8P6561	0x11c2f26e2940	113.19	-60.47	-2284.38	83	36
UL8P6568	0xad1fd1fb4b07	113.19	-60.47	-2291.39	83	37
TL8P6501	0xbb1b5109e175	113.19	-60.47	-2298.4	83	38
UL8P6526	0xc9c0c49a28d6	113.19	-60.47	-2305.41	83	39
TL8P6523	0x8efe7cdd822b	113.19	-60.47	-2312.42	83	40
UL8P6524	0x3ad3d997267a	113.19	-60.47	-2319.43	83	41
TL8P6541	0xc38b453120f0	113.19	-60.47	-2326.44	83	42
UL8P6534	0xc9b27980d1aa	113.19	-60.47	-2333.44	83	43
TL8P6567	0x0385cf6a570e	113.19	-60.47	-2340.45	83	44
UL8P6550	0x06d312a1810e	113.19	-60.47	-2347.46	83	45
TL8P6539	0xff605c7c140b	113.19	-60.47	-2354.47	83	46
UL8P6532	0x54cb7561fcb5	113.19	-60.47	-2361.48	83	47
TL8P6527	0xad77abd061cb	113.19	-60.47	-2368.49	83	48
UL8P6548	0x892c7b7fff87	113.19	-60.47	-2375.49	83	49
TL8P6577	0xec9d7c76760b	113.19	-60.47	-2382.5	83	50
UL8P6538	0x768d471f975b	113.19	-60.47	-2389.51	83	51
TL8P6559	0x4c8f583e2732	113.19	-60.47	-2396.52	83	52
UL8P6554	0x70be98e16e28	113.19	-60.47	-2403.53	83	53
TL8P6569	0xc74fa601db5a	113.19	-60.47	-2410.54	83	54
UL8P6518	0x6d4f52ae9fbf	113.19	-60.47	-2417.55	83	55
TL8P6551	0xbd41ec7192bf	113.19	-60.47	-2424.55	83	56
UL8P6562	0x776c9f431384	113.19	-60.47	-2431.56	83	57
TL8P6579	0xa5fefd7755fd	113.19	-60.47	-2438.57	83	58
UL8P6522	0xbf537ebd5528	113.19	-60.47	-2445.35	83	59
TL8P6553	0xaf4fa1a2ead8	113.19	-60.47	-2453.48	83	60
UL9P6734	0x504759db63e5	57.2	-105.52	-1762.05	84	1
TL9P6687	0x41d1df5aea3e	57.2	-105.52	-1772.06	84	2
UL9P6730	0x35c0d9a06908	57.2	-105.52	-1782.07	84	3
TL9P6739	0xed7a465f1af0	57.2	-105.52	-1792.08	84	4
UL9P6732	0x00e932c67c2d	57.2	-105.52	-1802.1	84	5
TL9P6683	0x0e72bb33941a	57.2	-105.52	-1812.11	84	6
UL9P6702	0x27293632b93f	57.2	-105.52	-1822.12	84	7
TL9P6601	0xa1277bd06a4b	57.2	-105.52	-1832.13	84	8
UL9H6046	0xb4144e54f62c	57.2	-105.52	-1842.15	84	9
TL9P6715	0x32d43e37f59f	57.2	-105.52	-1852.16	84	10
UL9P6652	0x1a198390a64e	57.2	-105.52	-2109.47	84	11
TL9P6731	0x4bdfd2b1385a	57.2	-105.52	-2116.48	84	12
UL9H6176	0x5c572596073a	57.2	-105.52	-2123.49	84	13
TL9H6175	0x7d128cc5b2b5	57.2	-105.52	-2130.5	84	14
UL9P6616	0xff7f8f54e0bf	57.2	-105.52	-2137.51	84	15
TL9P6609	0xc59a62d257fb	57.2	-105.52	-2144.51	84	16
UL9H6182	0xe36c4ab898a6	57.2	-105.52	-2151.52	84	17
TL9H6125	0xcea5f07abf79	57.2	-105.52	-2158.53	84	18
UL9H6168	0xad248174f1ed	57.2	-105.52	-2165.54	84	19
TL9P6741	0xfbcf14f41006	57.2	-105.52	-2172.55	84	20
UL9P6724	0xa613b0156a83	57.2	-105.52	-2179.56	84	21
TL9P6619	0x2d4a39cc4bcc	57.2	-105.52	-2186.57	84	22
UL9H6100	0x8688a7a3f9c3	57.2	-105.52	-2193.57	84	23
TL9P6737	0x4631c8148d56	57.2	-105.52	-2200.58	84	24
UL9H6064	0x2d4bdab79c13	57.2	-105.52	-2207.59	84	25
TL9H6171	0x6455c0a65537	57.2	-105.52	-2214.6	84	26
UL9P6630	0x778fa3a8e2bf	57.2	-105.52	-2221.61	84	27
TL9P6711	0x0a72eee26847	57.2	-105.52	-2228.62	84	28
UL9P6642	0xbd5d5c81dbc5	57.2	-105.52	-2235.63	84	29
TL9H6011	0xb97cd48fff63	57.2	-105.52	-2242.63	84	30
UL9H6058	0xf7ba8e8f29b0	57.2	-105.52	-2249.64	84	31
TL9P6655	0x1a2caa852c73	57.2	-105.52	-2256.65	84	32
UL9H6040	0x380d42259a8e	57.2	-105.52	-2263.66	84	33
TL9H6023	0xdc3354960632	57.2	-105.52	-2270.67	84	34
UL9H6166	0xbd7bc5ff1acc	57.2	-105.52	-2277.68	84	35
TL9P6653	0x42fc7bf46db2	57.2	-105.52	-2284.69	84	36
UL9H6020	0xb7f7d5d7f45b	57.2	-105.52	-2291.69	84	37
TL9H6173	0x541bbe00ab77	57.2	-105.52	-2298.7	84	38
UL9P6662	0xaf7f771c0635	57.2	-105.52	-2305.71	84	39
TL9H6141	0x90dc60b31263	57.2	-105.52	-2312.72	84	40
UL8H6004	0xe677731571cb	57.2	-105.52	-2319.73	84	41
TL9P6641	0xf6c988555d15	57.2	-105.52	-2326.74	84	42
UL9P6672	0xb24ce6da8196	57.2	-105.52	-2333.75	84	43
TL9P6675	0x43369df82757	57.2	-105.52	-2340.75	84	44
UL9P6674	0x942a14f4772d	57.2	-105.52	-2347.76	84	45
TL9H6161	0x53597db828e5	57.2	-105.52	-2354.77	84	46
UL9P6632	0x3f09caab0607	57.2	-105.52	-2361.78	84	47
TL9H6039	0xf582cab5e323	57.2	-105.52	-2368.79	84	48
UL9P6660	0x4b527eb7bdcb	57.2	-105.52	-2375.8	84	49
TL9H6061	0x9248ffbbfed0	57.2	-105.52	-2382.81	84	50
UL9H6148	0xfed4c3e3a9dc	57.2	-105.52	-2389.81	84	51
TL9H6133	0x95afeeb49569	57.2	-105.52	-2396.82	84	52
UL9P6736	0x87ed81f4ac2f	57.2	-105.52	-2403.83	84	53
TL9P6627	0xd56135ce7432	57.2	-105.52	-2410.84	84	54
UL9P6726	0xc1184a9ce0e6	57.2	-105.52	-2417.85	84	55
TL9H6145	0xcc863a459753	57.2	-105.52	-2424.86	84	56
UL9P6650	0x52eee37a93f2	57.2	-105.52	-2431.86	84	57
TL9P6657	0xde25337d1965	57.2	-105.52	-2438.87	84	58
UL9P6740	0x7c162659e9b0	57.2	-105.52	-2445.88	84	59
TL9P6623	0xa19c218fdef4	57.2	-105.52	-2452.37	84	60
UL9P6670	0x6c67744b5c27	-9.68	-79.5	-1757.06	85	1
TL9H6127	0x705be9776a6b	-9.68	-79.5	-1767.07	85	2
UL9H6114	0xb7229ba4890e	-9.68	-79.5	-1777.08	85	3
TL9H6169	0x16be9f750064	-9.68	-79.5	-1787.09	85	4
UL9H6044	0x7d3643281e31	-9.68	-79.5	-1797.11	85	5
TL9H6163	0xa44dfb4f95d0	-9.68	-79.5	-1807.12	85	6
UL8P6504	0x5a17b09191f9	-9.68	-79.5	-1817.13	85	7
TL9H6139	0xe3ee8b8bac01	-9.68	-79.5	-1827.14	85	8
UL9H6066	0x982cfeb7b6b0	-9.68	-79.5	-1837.16	85	9
TL9H6177	0x24456564604d	-9.68	-79.5	-1847.17	85	10
UL9H6136	0x42677ca3edcd	-9.68	-79.5	-2104.48	85	11
TL9H6185	0xf7ab3f6db26b	-9.68	-79.5	-2111.49	85	12
UL9H6178	0xe523bb88ee0c	-9.68	-79.5	-2118.5	85	13
TL9H6115	0x21b7d9041531	-9.68	-79.5	-2125.51	85	14
UL9H6170	0x95a6ac796a29	-9.68	-79.5	-2132.52	85	15
TL9H6051	0x414239650ecc	-9.68	-79.5	-2139.52	85	16
UL9H6174	0x6e922c89ecdc	-9.68	-79.5	-2146.53	85	17
TL9H6147	0xab94d65662d7	-9.68	-79.5	-2153.54	85	18
UL9H6116	0x5751fb00816e	-9.68	-79.5	-2160.55	85	19
TL9H6165	0xd0b34d1a0d0e	-9.68	-79.5	-2167.56	85	20
UL9H6112	0xfe363cfbdf63	-9.68	-79.5	-2174.57	85	21
TL9H6117	0xf9122ed3c86d	-9.68	-79.5	-2181.58	85	22
UL9H6032	0xec6fa2dc57f7	-9.68	-79.5	-2188.58	85	23
TL9H6081	0x591f8e6503cc	-9.68	-79.5	-2195.59	85	24
UL9H6154	0x020e3b5b13dc	-9.68	-79.5	-2202.6	85	25
TL9H6123	0x01173472da4d	-9.68	-79.5	-2209.61	85	26
UL9H6144	0x09930ccfb164	-9.68	-79.5	-2216.62	85	27
TL9H6149	0x7fec4e58220b	-9.68	-79.5	-2223.63	85	28
UL9H6180	0x945a32ca36e6	-9.68	-79.5	-2230.64	85	29
TL9H6155	0xcae000ff7696	-9.68	-79.5	-2237.64	85	30
UL9H6024	0x6ef488fcafa2	-9.68	-79.5	-2244.65	85	31
TL9H6057	0xc9557b46f14c	-9.68	-79.5	-2251.66	85	32
UL9H6140	0xfe31925b6a0a	-9.68	-79.5	-2258.67	85	33
TL9H6103	0x77fe76c84097	-9.68	-79.5	-2265.68	85	34
UL9H6134	0xb35c5066fab3	-9.68	-79.5	-2272.69	85	35
TL9H6037	0x415f1d4e6f90	-9.68	-79.5	-2279.7	85	36
UL9H6102	0x1c2f71a5b528	-9.68	-79.5	-2286.7	85	37
TL9H6121	0x15bf1cc0fa18	-9.68	-79.5	-2293.71	85	38
UL9H6118	0xe7660902959e	-9.68	-79.5	-2300.72	85	39
TL9H6033	0x3eb6a13f0f40	-9.68	-79.5	-2307.73	85	40
UL9H6084	0x902deb4b5bb4	-9.68	-79.5	-2314.74	85	41
TL9H6129	0xf2917d235e6f	-9.68	-79.5	-2321.75	85	42
UL9H6160	0x17a91275c3a3	-9.68	-79.5	-2328.76	85	43
TL9H6015	0x3c08d0d1d479	-9.68	-79.5	-2335.76	85	44
UL9H6142	0x1e2184c1bef1	-9.68	-79.5	-2342.77	85	45
TL9H6075	0x7bcc284b90b7	-9.68	-79.5	-2349.78	85	46
UL9H6128	0x510939be729b	-9.68	-79.5	-2356.79	85	47
TL9H6041	0x62a2a9f8a9f1	-9.68	-79.5	-2363.8	85	48
UL9H6184	0xa9415057e995	-9.68	-79.5	-2370.81	85	49
TL9H6157	0x642bf8836cbf	-9.68	-79.5	-2377.82	85	50
UL9H6124	0xc02a23fef59b	-9.68	-79.5	-2384.82	85	51
TL9H6179	0x61ce4bf0cbaf	-9.68	-79.5	-2391.83	85	52
UL9H6072	0xf45ad8c5132d	-9.68	-79.5	-2398.84	85	53
TL9H6181	0xc1ab2b390811	-9.68	-79.5	-2405.85	85	54
UL9H6086	0x857e014da430	-9.68	-79.5	-2412.86	85	55
TL9H6107	0x7c67c1321139	-9.68	-79.5	-2419.87	85	56
UL9H6078	0xf5ca43ce1be1	-9.68	-79.5	-2426.88	85	57
TL9H6167	0x59ad9a20eeeb	-9.68	-79.5	-2433.88	85	58
UL9H6080	0x19486ff69003	-9.68	-79.5	-2440.89	85	59
TL9H6019	0xdfb6fa595868	-9.68	-79.5	-2447.35	85	60
UL9P6686	0xc10181388235	-10.97	6.72	-1757.65	86	1
TL8P6543	0x3e4d4d89ed16	-10.97	6.72	-1767.66	86	2
UL9P6698	0x94dbe72dbc42	-10.97	6.72	-1777.67	86	3
TL9P6671	0x7fa86db9cb13	-10.97	6.72	-1787.68	86	4
UL9H6104	0x994a6787bc2f	-10.97	6.72	-1797.7	86	5
TL9P6659	0x5bc2cb51921c	-10.97	6.72	-1807.71	86	6
UL9P6684	0x2578f36673a4	-10.97	6.72	-1817.72	86	7
TL9P6721	0xdc955f3d775b	-10.97	6.72	-1827.73	86	8
UL9H6082	0xc0597fe0804b	-10.97	6.72	-1837.74	86	9
TL9P6705	0xb92419cdda84	-10.97	6.72	-1847.76	86	10
UL9P6682	0xfcb45157fdb6	-10.97	6.72	-2105.07	86	11
TL9P6677	0xf12b98f0da03	-10.97	6.72	-2112.08	86	12
UL9P6710	0xf42c42754022	-10.97	6.72	-2119.09	86	13
TL9H6183	0xa01bacc91a4f	-10.97	6.72	-2126.1	86	14
UL9P6668	0x06ce05383c46	-10.97	6.72	-2133.1	86	15
TL9P6667	0x9bc59ddd6c2f	-10.97	6.72	-2140.11	86	16
UL9P6738	0x66c647c4eb0c	-10.97	6.72	-2147.12	86	17
TL9P6661	0x859ed5d55fb1	-10.97	6.72	-2154.13	86	18
UL9P6678	0xe329acc8c6ab	-10.97	6.72	-2161.14	86	19
TL9H6073	0xb627f603b921	-10.97	6.72	-2168.15	86	20
UL9P6742	0xbbfd06e87ef1	-10.97	6.72	-2175.16	86	21
TL9P6713	0xfb7e3bc0920c	-10.97	6.72	-2182.16	86	22
UL9P6696	0xcde750e80f83	-10.97	6.72	-2189.17	86	23
TL9H6069	0x7c5f67026abc	-10.97	6.72	-2196.18	86	24
UL9P6722	0xd10c286172a3	-10.97	6.72	-2203.19	86	25
TL9P6663	0x2afad756d63c	-10.97	6.72	-2210.2	86	26
UL9H6110	0x26b88b018e15	-10.97	6.72	-2217.21	86	27
TL9H6079	0xd5b6db9c58d7	-10.97	6.72	-2224.22	86	28
UL9H6088	0xb750eb4e2e09	-10.97	6.72	-2231.22	86	29
TL9P6691	0xe185163fddb5	-10.97	6.72	-2238.23	86	30
UL9P6688	0xbc25f1cd8b13	-10.97	6.72	-2245.24	86	31
TL9P6673	0xb88510c3334e	-10.97	6.72	-2252.25	86	32
UL9P6618	0x8c126035f5af	-10.97	6.72	-2259.26	86	33
TL9P6735	0x59e0b0dcae0f	-10.97	6.72	-2266.27	86	34
UL9P6626	0x1dc57891d282	-10.97	6.72	-2273.28	86	35
TL9P6693	0xadc58989d655	-10.97	6.72	-2280.28	86	36
UL9P6654	0xc6f250a6c3ba	-10.97	6.72	-2287.29	86	37
TL9P6729	0x911dccb82434	-10.97	6.72	-2294.3	86	38
UL9H6096	0xc578310268dd	-10.97	6.72	-2301.31	86	39
TL9P6727	0xd5148972cdd0	-10.97	6.72	-2308.32	86	40
UL9P6644	0x9555de1ed07e	-10.97	6.72	-2315.33	86	41
TL9P6665	0xf423d39e3ed5	-10.97	6.72	-2322.34	86	42
UL9P6664	0xf813c7377824	-10.97	6.72	-2329.34	86	43
TL9P6685	0x1df641c48ae1	-10.97	6.72	-2336.35	86	44
UL9P6638	0x3d3d366f4238	-10.97	6.72	-2343.36	86	45
TL9H6095	0xa3e56a8eeeba	-10.97	6.72	-2350.37	86	46
UL9P6704	0x3f6d1ca36267	-10.97	6.72	-2357.38	86	47
TL9P6701	0xb56e3257c416	-10.97	6.72	-2364.39	86	48
UL9H6120	0x6895ddf97a97	-10.97	6.72	-2371.4	86	49
TL9P6703	0x8d8bd6656169	-10.97	6.72	-2378.4	86	50
UL9H6108	0x2b8f8f22a689	-10.97	6.72	-2385.41	86	51
TL9H6089	0x13ae193b721f	-10.97	6.72	-2392.42	86	52
UL9P6666	0xd833500d655c	-10.97	6.72	-2399.43	86	53
TL9P6707	0x011d29bbcdb2	-10.97	6.72	-2406.44	86	54
UL9P6708	0xdfad7dfef543	-10.97	6.72	-2413.45	86	55
TL9H6105	0xfb3260f52719	-10.97	6.72	-2420.46	86	56
UL9H6068	0xf5279eba6438	-10.97	6.72	-2427.46	86	57
TL9P6669	0xe844833cd431	-10.97	6.72	-2434.47	86	58
UL9H6076	0x61b5a56010fd	-10.97	6.72	-2441.48	86	59
TL9H6047	0xfed883ea1890	-10.97	6.72	-2448.8	86	60
