### Metadata ###
Medium:	water
DOM Radius [cm]:	30
### Modules ###
-50.0	-28.867513459481287	-500.0	0	0
-50.0	-28.867513459481287	-447.36842105263156	0	1
-50.0	-28.867513459481287	-394.7368421052632	0	2
-50.0	-28.867513459481287	-342.10526315789474	0	3
-50.0	-28.867513459481287	-289.47368421052636	0	4
-50.0	-28.867513459481287	-236.84210526315792	0	5
-50.0	-28.867513459481287	-184.21052631578948	0	6
-50.0	-28.867513459481287	-131.5789473684211	0	7
-50.0	-28.867513459481287	-78.94736842105266	0	8
-50.0	-28.867513459481287	-26.31578947368422	0	9
-50.0	-28.867513459481287	26.315789473684163	0	10
-50.0	-28.867513459481287	78.9473684210526	0	11
-50.0	-28.867513459481287	131.57894736842104	0	12
-50.0	-28.867513459481287	184.21052631578948	0	13
-50.0	-28.867513459481287	236.8421052631578	0	14
-50.0	-28.867513459481287	289.47368421052624	0	15
-50.0	-28.867513459481287	342.1052631578947	0	16
-50.0	-28.867513459481287	394.7368421052631	0	17
-50.0	-28.867513459481287	447.36842105263156	0	18
-50.0	-28.867513459481287	500.0	0	19
50.0	-28.867513459481287	-500.0	1	0
50.0	-28.867513459481287	-447.36842105263156	1	1
50.0	-28.867513459481287	-394.7368421052632	1	2
50.0	-28.867513459481287	-342.10526315789474	1	3
50.0	-28.867513459481287	-289.47368421052636	1	4
50.0	-28.867513459481287	-236.84210526315792	1	5
50.0	-28.867513459481287	-184.21052631578948	1	6
50.0	-28.867513459481287	-131.5789473684211	1	7
50.0	-28.867513459481287	-78.94736842105266	1	8
50.0	-28.867513459481287	-26.31578947368422	1	9
50.0	-28.867513459481287	26.315789473684163	1	10
50.0	-28.867513459481287	78.9473684210526	1	11
50.0	-28.867513459481287	131.57894736842104	1	12
50.0	-28.867513459481287	184.21052631578948	1	13
50.0	-28.867513459481287	236.8421052631578	1	14
50.0	-28.867513459481287	289.47368421052624	1	15
50.0	-28.867513459481287	342.1052631578947	1	16
50.0	-28.867513459481287	394.7368421052631	1	17
50.0	-28.867513459481287	447.36842105263156	1	18
50.0	-28.867513459481287	500.0	1	19
0.0	57.735026918962575	-500.0	2	0
0.0	57.735026918962575	-447.36842105263156	2	1
0.0	57.735026918962575	-394.7368421052632	2	2
0.0	57.735026918962575	-342.10526315789474	2	3
0.0	57.735026918962575	-289.47368421052636	2	4
0.0	57.735026918962575	-236.84210526315792	2	5
0.0	57.735026918962575	-184.21052631578948	2	6
0.0	57.735026918962575	-131.5789473684211	2	7
0.0	57.735026918962575	-78.94736842105266	2	8
0.0	57.735026918962575	-26.31578947368422	2	9
0.0	57.735026918962575	26.315789473684163	2	10
0.0	57.735026918962575	78.9473684210526	2	11
0.0	57.735026918962575	131.57894736842104	2	12
0.0	57.735026918962575	184.21052631578948	2	13
0.0	57.735026918962575	236.8421052631578	2	14
0.0	57.735026918962575	289.47368421052624	2	15
0.0	57.735026918962575	342.1052631578947	2	16
0.0	57.735026918962575	394.7368421052631	2	17
0.0	57.735026918962575	447.36842105263156	2	18
0.0	57.735026918962575	500.0	2	19
