1213.006000 0 0.512566 -0.614162 2.19696 2.6007 5.6587
1220.010000 0 0.567256 -0.62691 2.14764 2.5848 5.73671
1227.010000 0 0.648261 -0.693073 2.15414 2.60811 5.80834
1234.012000 0 0.605295 -0.631624 2.31828 2.69446 6.01319
1241.018000 0 0.763403 -0.512137 2.51891 2.92802 6.17055
1248.022000 0 0.828125 -0.363145 2.77809 3.19481 6.67783
1255.026000 0 0.930627 -0.19716 3.05105 3.49912 7.114
1262.030000 0 1.03326 -0.0318212 3.41849 3.88569 7.58054
1269.036000 0 1.03437 -0.0471488 3.73744 4.13383 8.11631
1276.036000 0 0.962807 0.020011 4.01888 4.47665 8.40535
1283.040000 0 1.09271 0.0877575 4.33628 4.75059 8.8176
1290.044000 0 1.21985 0.22095 4.57738 5.05528 9.27712
1297.046000 0 1.16598 0.221635 4.8666 5.27431 9.68135
1304.046000 0 1.23652 0.346875 5.16327 5.5638 10.44
1311.046000 0 1.22707 0.356393 5.36829 5.87038 10.5357
1318.048000 0 1.26939 0.451136 5.74198 6.22327 11.1207
1325.052000 0 1.35877 0.625788 6.07978 6.61541 11.631
1332.052000 0 1.31468 0.619684 6.43714 6.96394 12.1401
1339.056000 0 1.41717 0.85546 6.94554 7.44627 12.7075
1346.056000 0 1.50621 0.981761 7.44959 7.88975 13.3716
1353.056000 0 1.67369 1.16847 8.07226 8.46222 14.0729
1360.056000 0 1.76651 1.42656 8.65661 9.00229 14.7258
1367.058000 0 1.92261 1.58606 9.19754 9.49823 15.3572
1374.060000 0 1.94249 1.75987 9.76158 9.99562 16.0509
1381.060000 0 2.11835 2.01783 10.261 10.4508 16.642
1388.062000 0 2.17344 2.13978 10.6918 10.8959 17.205
1395.064000 0 2.18122 2.10608 11.0957 11.272 17.7876
1402.068000 0 2.26032 2.33008 11.502 11.6584 18.3644
1409.070000 0 2.33685 2.48033 11.9092 12.0835 18.9565
1416.070000 0 2.41454 2.60866 12.338 12.5587 19.6569
1423.072000 0 2.481 2.81787 12.8078 13.0564 20.2618
1430.074000 0 2.51024 2.98506 13.2885 13.5883 20.9105
1437.078000 0 2.58418 3.24517 13.7383 14.0967 21.5716
1444.078000 0 2.60062 3.54958 14.1782 14.6275 22.0987
1451.084000 0 2.68278 3.76742 14.6277 15.1405 22.7085
1458.086000 0 2.73455 4.09164 15.1289 15.6418 23.3726
1465.088000 0 2.80659 4.40242 15.7552 16.3552 24.1151
1472.088000 0 2.89938 4.78161 16.3671 17.0205 24.8296
1479.088000 0 3.03309 5.21244 17.0268 17.7786 25.5381
1486.088000 0 3.13516 5.73559 17.6838 18.5175 26.1927
1493.092000 0 3.24591 6.14367 18.3041 19.1212 26.4608
1500.096000 0 3.41796 6.5965 18.685 19.4832 26.4288
1507.098000 0 3.47066 7.08056 18.7857 19.5412 26.0928
1514.104000 0 3.50125 7.33032 18.5902 19.3291 25.1515
1521.110000 0 3.52205 7.53745 17.9271 18.6023 23.8155
1528.116000 0 3.50114 7.43681 16.899 17.5275 22.0685
1535.118000 0 3.58546 7.14686 15.5812 16.0629 20.3454
1542.120000 0 3.4248 6.60332 14.0924 14.1971 18.4605
1549.122000 0 3.2521 5.99467 12.6776 12.9308 16.5785
1556.126000 0 3.16642 5.21843 11.2312 11.4047 14.924
1563.126000 0 3.03126 4.56447 9.94381 10.0125 13.4411
1570.128000 0 3.01876 3.9182 9.0144 9.04467 12.6064
1577.128000 0 2.89357 3.30089 8.15459 8.18227 11.9755
1584.128000 0 2.74704 2.76844 7.69822 7.63421 11.7567
1591.128000 0 2.6875 2.42112 7.45557 7.4441 11.6016
1598.128000 0 2.59178 2.25424 7.33411 7.34844 11.5208
1605.130000 0 2.56442 2.16746 7.17147 7.24115 11.3505
1612.134000 0 2.46946 2.06103 7.0374 7.11688 11.2368
1619.136000 0 2.35256 2.18879 6.95093 7.1535 11.1479
1626.138000 0 2.42293 2.35332 6.88742 7.14816 11.0459
1633.140000 0 2.50455 2.46172 6.88952 7.08881 10.9494
1640.148000 0 2.468 2.48133 6.90214 7.08932 10.9152
1647.150000 0 2.61152 2.54867 7.05562 7.14356 11.2328
1654.152000 0 2.73894 2.5145 7.39097 7.43625 11.7988
1661.152000 0 2.853 2.62307 7.9019 7.86636 12.2043
1668.154000 0 2.89473 2.80184 8.24552 8.16197 12.6956
1675.160000 0 3.02816 2.98048 8.4445 8.46222 12.9368
1682.166000 0 3.08326 3.07884 8.5487 8.49036 13.0997
1689.166000 0 3.10039 3.10963 8.59643 8.60486 13.2785
1696.168000 0 3.06247 3.21046 8.61837 8.62516 13.3185
1703.168000 0 3.07046 3.13959 8.3969 8.47296 13.08
1710.170000 0 2.94218 2.93123 8.00101 8.13144 12.7383
1717.172000 0 2.82267 2.81749 7.57204 7.72526 12.3822
1724.174000 0 2.66904 2.57964 7.20179 7.38802 12.2663
1731.174000 0 2.61606 2.36288 6.95406 7.16454 12.3189
1738.174000 0 2.66461 2.36497 7.02446 7.23095 12.2846
1745.174000 0 2.65609 2.40941 7.13442 7.3267 12.1986
1752.176000 0 2.74263 2.53518 7.11584 7.22042 11.6056
1759.176000 0 2.77377 2.56382 6.6544 6.73098 10.7596
1766.176000 0 2.75316 2.36921 6.00021 5.9664 9.80238
1773.180000 0 2.71473 2.05 5.18788 5.10911 8.85112
1780.180000 0 2.65578 1.58506 4.33702 4.21051 8.00508
1787.180000 0 2.55693 1.15172 3.58406 3.43587 7.27674
1794.180000 0 2.49016 0.724323 3.0062 2.79572 6.8891
1801.180000 0 2.4477 0.373343 2.60742 2.3903 6.78524
1808.180000 0 2.40272 0.107452 2.37434 2.14433 6.9624
1815.180000 0 2.37439 -0.0627257 2.36621 2.1945 7.57979
1822.182000 0 2.33424 -0.178365 2.60627 2.48524 8.55043
1829.182000 0 2.30479 -0.0386113 3.14797 3.10157 9.79228
1836.182000 0 2.27146 0.0632392 3.97579 4.01444 11.1691
1843.182000 0 2.38695 0.436175 4.95248 5.0359 12.6009
1850.188000 0 2.56469 0.999292 6.07988 6.25754 13.8206
1857.190000 0 2.7111 1.43627 7.09956 7.30601 14.4641
1864.190000 0 2.84867 2.16008 7.7936 7.94976 14.8362
1871.190000 0 3.04739 2.51479 8.12903 8.24164 14.6499
1878.192000 0 3.21154 2.83886 8.06696 8.09785 14.2417
1885.192000 0 3.25963 2.94752 7.8126 7.77367 13.6743
1892.192000 0 3.24827 2.81844 7.41076 7.33423 13.0533
1899.192000 0 3.29476 2.64837 6.86206 6.78688 12.394
1906.194000 0 3.2782 2.40727 6.27286 6.16483 11.9219
1913.194000 0 3.24204 2.16277 5.9509 5.80059 11.6189
1920.194000 0 3.31527 2.04892 5.59144 5.43406 11.4717
1927.198000 0 3.28585 1.95963 5.37133 5.21246 11.4928
1934.200000 0 3.35014 1.90354 5.29969 5.11001 11.718
1941.200000 0 3.39341 1.99137 5.40254 5.28895 12.0369
1948.200000 0 3.39774 2.13665 5.58782 5.49005 12.4915
1955.204000 0 3.46993 2.30412 5.84665 5.76769 13.0646
1962.208000 0 3.55899 2.61945 6.14406 6.11113 14.035
1969.208000 0 3.70426 2.78592 6.48092 6.54544 14.2848
1976.208000 0 3.67532 2.91233 6.6953 6.85091 14.9884
1983.208000 0 3.8951 3.03328 7.06616 7.20113 15.4076
1990.210000 0 3.94938 3.19907 7.20446 7.38164 15.7495
1997.214000 0 3.96181 3.13532 7.57625 7.61909 16.0132
2004.218000 0 3.79239 3.02428 7.76448 7.7953 16.1722
2011.218000 0 3.67854 3.00421 7.75102 7.84856 16.1734
2018.222000 0 3.69159 2.92843 7.8664 7.94094 15.752
2025.222000 0 3.7021 3.02852 7.68835 7.7218 14.8464
2032.222000 0 3.66233 2.97709 7.03441 7.04583 13.7446
2039.224000 0 3.58541 2.69344 6.05335 6.06452 12.4589
2046.226000 0 3.51756 2.30158 5.0647 4.97838 11.2912
2053.230000 0 3.46596 1.83717 3.9798 3.84402 10.1956
2060.230000 0 3.2714 1.28674 2.94123 2.74143 9.13549
2067.232000 0 3.11105 0.668125 1.84068 1.67711 8.03027
2074.234000 0 3.03525 0.170632 0.809971 0.627432 7.2037
2081.234000 0 2.85054 -0.304775 -0.0875819 -0.239435 6.25635
2088.236000 0 2.83854 -0.790289 -1.0156 -1.14116 5.42511
2095.236000 0 2.66018 -1.12078 -1.76408 -2.05967 4.50252
2102.236000 0 2.61158 -1.42893 -2.61551 -2.73043 3.69532
2109.236000 0 2.60209 -1.62092 -3.27235 -3.52413 2.82276
2116.240000 0 2.56179 -0.463923 -3.95822 -4.26892 2.08032
2123.240000 0 2.55347 -0.824416 -4.6953 -5.06492 1.17474
2130.240000 0 2.51423 -1.22063 -5.38937 -5.7831 0.271036
2137.242000 0 2.54523 -1.53182 -6.11953 -6.54605 -0.578985
2144.242000 0 2.53169 -1.88387 -6.82297 -7.27618 -1.33629
2151.246000 0 2.4116 -2.31535 -7.61758 -8.10183 -2.20502
2158.246000 0 2.38472 -2.77404 -8.38401 -8.71914 -3.10136
2165.248000 0 2.32449 -3.26691 -9.33262 -9.90005 -4.08559
2172.248000 0 2.16642 -3.84167 -10.2935 -10.9009 -5.17821
2179.250000 0 2.01131 -4.58161 -11.3769 -11.9871 -6.43975
2186.250000 0 1.79608 -5.39942 -12.7247 -13.3715 -7.87219
2193.252000 0 1.57278 -6.32719 -14.1468 -14.8719 -9.25844
2200.254000 0 1.24452 -7.2453 -15.7094 -16.4369 -10.7072
2207.254000 0 1.10461 -8.049 -17.2717 -18.0563 -12.1304
2214.254000 0 0.686386 -8.80199 -18.824 -19.6187 -13.4953
2221.254000 0 0.519518 -9.63741 -20.3231 -21.1423 -14.5634
2228.256000 0 0.414048 -10.2101 -21.4903 -22.4276 -15.8974
2235.258000 0 0.318349 -10.6536 -22.6665 -23.5668 -16.9283
2242.258000 0 0.276121 -11.031 -23.7561 -24.6078 -17.7156
2249.260000 0 0.342551 -11.4096 -24.4281 -25.348 -18.6986
2256.260000 0 0.325532 -11.726 -25.0982 -26.0995 -19.5408
2263.260000 0 0.312062 -12.0797 -25.7542 -26.7685 -20.5413
2270.260000 0 0.373305 -12.4795 -26.42 -27.4607 -21.6239
2277.260000 0 0.336575 -13.0048 -27.1739 -28.2488 -22.7703
2284.260000 0 0.311477 -13.5143 -27.9981 -29.1311 -24.0341
2291.260000 0 0.209524 -14.1248 -28.9811 -30.1076 -25.2907
2298.260000 0 0.129439 -14.7602 -30.1227 -31.2203 -26.5854
2305.260000 0 0.0853753 -15.4308 -31.2509 -32.405 -27.9845
2312.260000 0 -0.0178099 -16.1664 -32.5116 -33.6958 -29.3607
2319.260000 0 -0.227495 -16.7739 -33.7179 -34.9434 -30.8112
2326.262000 0 -0.370648 -17.4782 -34.9967 -36.2314 -32.0859
2333.264000 0 -0.667733 -18.085 -36.3166 -37.5703 -33.6487
2340.266000 0 -0.592816 -18.7565 -37.5442 -38.7434 -34.9716
2347.266000 0 -0.704854 -19.4792 -38.8324 -40.1142 -36.4348
2354.266000 0 -0.950496 -20.1344 -39.9554 -41.3518 -37.9353
2361.266000 0 -1.03304 -20.8449 -41.1341 -42.5838 -39.1614
2368.266000 0 -1.32736 -21.6377 -42.4422 -43.8704 -40.3548
2375.266000 0 -1.34044 -22.4195 -43.4447 -45.1598 -42.3609
2382.266000 0 -1.42319 -23.0872 -44.9904 -46.5293 -43.9879
2389.266000 0 -1.38244 -23.8916 -46.3244 -48.0253 -45.3718
2396.266000 0 -1.52366 -24.427 -47.7364 -49.4016 -46.7973
