1098.47 0.207021 0.493524 -10.032600
1108.47 0.212523 0.507596 -9.907900
1118.47 0.227469 0.545822 -9.782010
1128.47 0.241813 0.582509 -9.654970
1138.47 0.242041 0.583091 -9.526750
1148.47 0.191808 0.454618 -9.397380
1158.47 0.164397 0.384513 -9.266850
1168.47 0.152477 0.354025 -9.135150
1178.47 0.159808 0.372775 -9.002270
1188.47 0.184645 0.436294 -8.868240
1198.47 0.206242 0.491534 -8.733050
1208.47 0.197644 0.469545 -8.596680
1218.47 0.206797 0.492951 -8.459150
1228.47 0.232681 0.55915 -8.320470
1238.47 0.211121 0.50401 -8.180620
1248.47 0.193834 0.459797 -8.039600
1258.47 0.16653 0.389966 -7.897420
1268.47 0.136746 0.313791 -7.754070
1278.47 0.128109 0.291702 -7.609560
1288.47 0.119737 0.270292 -7.463880
1298.47 0.108456 0.241437 -7.317050
1308.47 0.135232 0.331304 -7.169040
1318.47 0.161253 0.360304 -7.019870
1328.47 0.160827 0.351428 -6.869540
1338.47 0.139102 0.2991 -6.718030
1348.47 0.0947777 0.21135 -6.565370
1358.47 0.0758465 0.165953 -6.411540
1368.47 0.0883044 0.185427 -6.256560
1378.47 0.0896218 0.1979 -6.100400
1388.47 0.0812315 0.171811 -5.943090
1398.47 0.0757663 0.165741 -5.784590
1408.47 0.0715285 0.150688 -5.624950
1418.47 0.0679729 0.134457 -5.464140
1428.47 0.0589898 0.121083 -5.302160
1438.47 0.0626173 0.121034 -5.139020
1448.47 0.069254 0.137668 -4.974720
1458.47 0.0623425 0.114215 -4.809240
1468.47 0.0479812 0.0843399 -4.642610
1478.47 0.0374293 0.0560298 -4.474810
1488.47 0.0288454 0.0439738 -4.305850
1498.47 0.02516 0.0284034 -4.135710
1508.47 0.0258532 0.0288677 -3.964420
1518.47 0.0360341 0.05439 -3.791960
1528.47 0.0601332 0.103213 -3.618350
1538.47 0.0730923 0.150992 -3.443560
1548.47 0.0741427 0.169471 -3.267610
1558.47 0.0637451 0.13038 -3.090500
1568.47 0.0635796 0.123446 -2.912220
1578.47 0.0679655 0.13788 -2.732770
1588.47 0.0569558 0.112665 -2.552170
1598.47 0.0463957 0.0875579 -2.370390
1608.47 0.0417449 0.0774227 -2.187450
1618.47 0.0501217 0.094834 -2.003360
1628.47 0.056078 0.0991254 -1.818080
1638.47 0.0346295 0.0526227 -1.631650
1648.47 0.027096 0.0319828 -1.444060
1658.47 0.0237716 0.0224688 -1.255310
1668.47 0.0215015 0.0158445 -1.065380
1678.47 0.0220402 0.0193078 -0.874298
1688.47 0.0255511 0.0268421 -0.682053
1698.47 0.0327158 0.0412947 -0.488632
1708.47 0.0377683 0.0626016 -0.294052
1718.47 0.0516843 0.0860777 -0.098297
1728.47 0.048023 0.0820614 0.098602
1738.47 0.0497614 0.0965171 0.296677
1748.47 0.0491804 0.0949709 0.495911
1758.47 0.0407975 0.0705053 0.696320
1768.47 0.0298534 0.0374135 0.897888
1778.47 0.0275916 0.0360476 1.100620
1788.47 0.0282223 0.0454377 1.304520
1798.47 0.0309129 0.0415515 1.509570
1808.47 0.0248735 0.026411 1.715810
1818.47 0.0223541 0.0223826 1.923190
1828.47 0.0289761 0.0352576 2.131740
1838.47 0.032672 0.0411915 2.341460
1848.47 0.0363746 0.0628389 2.552340
1858.47 0.0508706 0.089059 2.764390
1868.47 0.0467611 0.0910453 2.977600
1878.47 0.0346882 0.0563926 3.191970
1888.47 0.0260966 0.0393083 3.407520
1898.47 0.0260083 0.0242432 3.624220
1908.47 0.0226495 0.0144151 3.842090
1918.47 0.019806 0.0117608 4.061110
1928.47 0.0214538 0.0189248 4.281310
1938.47 0.0271549 0.028166 4.502670
1948.47 0.0374092 0.0489131 4.725210
1958.47 0.0493374 0.0828913 4.948900
1968.47 0.0574957 0.0997968 5.173750
1978.47 0.0619872 0.132392 5.399770
1988.47 0.106222 0.23573 5.626960
1998.47 0.0946504 0.216008 5.855300
2008.47 0.0758676 0.170091 6.084810
2018.47 0.0915617 0.189053 6.315490
2028.47 0.147049 0.332697 6.547340
2038.47 0.182413 0.421351 6.780340
2048.47 0.200406 0.476606 7.014510
2058.47 0.139099 0.285948 7.249850
2068.47 0.101553 0.229029 7.486340
2078.47 0.0821115 0.182632 7.724000
2088.47 0.0473587 0.0693547 7.962830
2098.47 0.0184164 0.0130788 8.202820
2108.47 0.0197878 0.0107728 8.443990
2118.47 0.029871 0.0389392 8.686300
2128.47 0.0288883 0.0364757 8.929780
2138.47 0.0206622 0.0158536 9.174440
2148.47 0.0188044 0.0131201 9.420240
2158.47 0.0216089 0.0215769 9.667220
2168.47 0.0304009 0.0449805 9.915380
2178.47 0.0364971 0.0612076 10.164700
2188.47 0.0328263 0.0532018 10.415100
2198.47 0.0345969 0.0580112 10.666800
2208.47 0.0284715 0.0413757 10.919600
2218.47 0.025061 0.0281503 11.173600
2228.47 0.0208492 0.0195548 11.428700
2238.47 0.0187705 0.0181819 11.685000
2248.47 0.0182383 0.0107007 11.942400
2258.47 0.0172608 0.0109301 12.201100
2268.47 0.0163597 0.00938096 12.460800
2278.47 0.0130184 0.000124035 12.721800
2288.47 0.0126575 0.00129217 12.983900
2298.47 0.013225 0.00069616 13.247200
2308.47 0.0132801 -0.00459182 13.511600
2318.47 0.0128275 -0.00565988 13.777200
2328.47 0.0168386 0.00712138 14.044000
2338.47 0.0192997 0.0175264 14.312000
2348.47 0.0304311 0.037352 14.581100
2358.47 0.0418269 0.0668358 14.851300
2368.47 0.0350189 0.0484024 15.122800
2378.47 0.0307401 0.0366305 15.395300
2388.47 0.0224888 0.025128 15.669100
2398.47 0.0175819 0.004743 15.944000
2408.47 0.0173891 0.00510937 16.220100
2418.47 0.0184251 0.0111791 16.497400
2428.47 0.016318 0.00415303 16.775801
2438.47 0.0145293 0.00430989 17.055401
2448.47 0.0128917 -0.000934026 17.336100
2458.47 0.0125323 -0.00514934 17.618000
2468.47 0.0111906 -0.00732428 17.901100
2478.47 0.0123904 -0.00296232 18.185400
2488.47 0.0176224 0.00912515 18.470800
2498.47 0.0198911 0.0214139 18.757299
2508.47 0.0201637 0.0177295 19.045099
2518.47 0.0225766 0.0217967 19.333900
2528.47 0.0222251 0.0244124 19.624001
2538.47 0.0296342 0.0368742 19.915199
2548.47 0.042994 0.0697034 20.207600
2558.47 0.0413266 0.0676581 20.501200
2568.47 0.0369874 0.058653 20.795900
2578.47 0.0335458 0.0464863 21.091801
2588.47 0.0243958 0.0264491 21.388800
2598.47 0.0191049 0.0129169 21.687000
2608.47 0.0276044 0.0346552 21.986401
2618.47 0.0263776 0.0315173 22.286900
2628.47 0.045875 0.0813836 22.588699
2638.47 0.0660235 0.132914 22.891500
2648.47 0.046728 0.083565 23.195601
2658.47 0.0630791 0.125384 23.500700
2668.47 0.0931393 0.202265 23.807100
2678.47 0.130981 0.299047 24.114599
2688.47 0.151485 0.351488 24.423401
2698.47 0.156534 0.3644 24.732201
2708.47 0.161582 0.377313 25.041000
2718.47 0.16663 0.390226 25.349800
2728.47 0.17168 0.403138 25.658600
2738.47 0.176728 0.41605 25.967400
2748.47 0.181777 0.428963 26.276199
2758.47 0.186827 0.441875 26.584999
2768.47 0.191874 0.454787 26.893801
2778.47 0.196923 0.4677 27.202600
2788.47 0.201972 0.480611 27.511400
2798.47 0.207021 999.0000 27.820200
