36 44 1.35
36 46 1.35
36 48 1.35
36 49 1.35
36 50 1.35
36 51 1.35
36 52 1.35
36 53 1.35
36 54 1.35
36 55 1.35
36 56 1.35
36 57 1.35
36 58 1.35
36 59 1.35
43 55 1.35
79 30 1.35
79 31 1.35
79 33 1.35
79 34 1.35
79 35 1.35
79 36 1.35
79 37 1.35
79 38 1.35
79 39 1.35
79 40 1.35
79 42 1.35
79 44 1.35
80 30 1.35
80 31 1.35
80 32 1.35
80 33 1.35
80 34 1.35
80 35 1.35
80 36 1.35
80 37 1.35
80 38 1.35
80 39 1.35
80 40 1.35
80 41 1.35
80 42 1.35
80 43 1.35
81 1 1.35
81 2 1.35
81 3 1.35
81 4 1.35
81 5 1.35
81 6 1.35
81 7 1.35
81 8 1.35
81 9 1.35
81 10 1.35
81 11 1.35
81 12 1.35
81 13 1.35
81 14 1.35
81 15 1.35
81 16 1.35
81 17 1.35
81 18 1.35
81 19 1.35
81 20 1.35
81 21 1.35
81 22 1.35
81 23 1.35
81 24 1.35
81 25 1.35
81 26 1.35
81 27 1.35
81 28 1.35
81 29 1.35
81 30 1.35
81 31 1.35
81 32 1.35
81 33 1.35
81 34 1.35
81 35 1.35
81 36 1.35
81 37 1.35
81 38 1.35
81 39 1.35
81 40 1.35
81 41 1.35
81 42 1.35
81 43 1.35
81 44 1.35
81 45 1.35
81 46 1.35
81 47 1.35
81 48 1.35
81 49 1.35
81 50 1.35
81 51 1.35
81 52 1.35
81 53 1.35
81 54 1.35
81 55 1.35
81 56 1.35
81 57 1.35
81 58 1.35
81 59 1.35
81 60 1.35
82 1 1.35
82 2 1.35
82 3 1.35
82 4 1.35
82 5 1.35
82 6 1.35
82 7 1.35
82 8 1.35
82 9 1.35
82 10 1.35
82 11 1.35
82 12 1.35
82 13 1.35
82 14 1.35
82 15 1.35
82 16 1.35
82 17 1.35
82 18 1.35
82 19 1.35
82 20 1.35
82 21 1.35
82 22 1.35
82 23 1.35
82 24 1.35
82 25 1.35
82 26 1.35
82 27 1.35
82 28 1.35
82 29 1.35
82 30 1.35
82 31 1.35
82 32 1.35
82 33 1.35
82 34 1.35
82 35 1.35
82 36 1.35
82 37 1.35
82 38 1.35
82 39 1.35
82 40 1.35
82 41 1.35
82 42 1.35
82 43 1.35
82 44 1.35
82 45 1.35
82 46 1.35
82 47 1.35
82 48 1.35
82 49 1.35
82 50 1.35
82 51 1.35
82 52 1.35
82 53 1.35
82 54 1.35
82 55 1.35
82 56 1.35
82 57 1.35
82 58 1.35
82 59 1.35
82 60 1.35
83 1 1.35
83 2 1.35
83 3 1.35
83 4 1.35
83 5 1.35
83 6 1.35
83 7 1.35
83 8 1.35
83 9 1.35
83 10 1.35
83 11 1.35
83 12 1.35
83 13 1.35
83 14 1.35
83 15 1.35
83 16 1.35
83 17 1.35
83 18 1.35
83 19 1.35
83 20 1.35
83 21 1.35
83 22 1.35
83 23 1.35
83 24 1.35
83 25 1.35
83 26 1.35
83 27 1.35
83 28 1.35
83 29 1.35
83 30 1.35
83 31 1.35
83 32 1.35
83 33 1.35
83 34 1.35
83 35 1.35
83 36 1.35
83 37 1.35
83 38 1.35
83 39 1.35
83 40 1.35
83 41 1.35
83 42 1.35
83 43 1.35
83 44 1.35
83 45 1.35
83 46 1.35
83 47 1.35
83 48 1.35
83 49 1.35
83 50 1.35
83 51 1.35
83 52 1.35
83 53 1.35
83 54 1.35
83 55 1.35
83 56 1.35
83 57 1.35
83 58 1.35
83 59 1.35
83 60 1.35
84 1 1.35
84 2 1.35
84 3 1.35
84 4 1.35
84 5 1.35
84 6 1.35
84 7 1.35
84 8 1.35
84 9 1.35
84 10 1.35
84 11 1.35
84 12 1.35
84 13 1.35
84 14 1.35
84 15 1.35
84 16 1.35
84 17 1.35
84 18 1.35
84 19 1.35
84 20 1.35
84 21 1.35
84 22 1.35
84 23 1.35
84 24 1.35
84 25 1.35
84 26 1.35
84 27 1.35
84 28 1.35
84 29 1.35
84 30 1.35
84 31 1.35
84 32 1.35
84 33 1.35
84 34 1.35
84 35 1.35
84 36 1.35
84 37 1.35
84 38 1.35
84 39 1.35
84 40 1.35
84 41 1.35
84 42 1.35
84 43 1.35
84 44 1.35
84 45 1.35
84 46 1.35
84 47 1.35
84 48 1.35
84 49 1.35
84 50 1.35
84 51 1.35
84 52 1.35
84 53 1.35
84 54 1.35
84 55 1.35
84 56 1.35
84 57 1.35
84 58 1.35
84 59 1.35
84 60 1.35
85 1 1.35
85 2 1.35
85 3 1.35
85 4 1.35
85 5 1.35
85 6 1.35
85 7 1.35
85 8 1.35
85 9 1.35
85 10 1.35
85 11 1.35
85 12 1.35
85 13 1.35
85 14 1.35
85 15 1.35
85 16 1.35
85 17 1.35
85 18 1.35
85 19 1.35
85 20 1.35
85 21 1.35
85 22 1.35
85 23 1.35
85 24 1.35
85 25 1.35
85 26 1.35
85 27 1.35
85 28 1.35
85 29 1.35
85 30 1.35
85 31 1.35
85 32 1.35
85 33 1.35
85 34 1.35
85 35 1.35
85 36 1.35
85 37 1.35
85 38 1.35
85 39 1.35
85 40 1.35
85 41 1.35
85 42 1.35
85 43 1.35
85 44 1.35
85 45 1.35
85 46 1.35
85 47 1.35
85 48 1.35
85 49 1.35
85 50 1.35
85 51 1.35
85 52 1.35
85 53 1.35
85 54 1.35
85 55 1.35
85 56 1.35
85 57 1.35
85 58 1.35
85 59 1.35
85 60 1.35
86 1 1.35
86 2 1.35
86 3 1.35
86 4 1.35
86 5 1.35
86 6 1.35
86 7 1.35
86 8 1.35
86 9 1.35
86 10 1.35
86 11 1.35
86 12 1.35
86 13 1.35
86 14 1.35
86 15 1.35
86 16 1.35
86 17 1.35
86 18 1.35
86 19 1.35
86 20 1.35
86 21 1.35
86 22 1.35
86 23 1.35
86 24 1.35
86 25 1.35
86 26 1.35
86 29 1.35
86 30 1.35
86 31 1.35
86 32 1.35
86 33 1.35
86 34 1.35
86 35 1.35
86 36 1.35
86 37 1.35
86 38 1.35
86 39 1.35
86 40 1.35
86 41 1.35
86 42 1.35
86 43 1.35
86 44 1.35
86 45 1.35
86 46 1.35
86 47 1.35
86 48 1.35
86 49 1.35
86 50 1.35
86 51 1.35
86 52 1.35
86 53 1.35
86 54 1.35
86 55 1.35
86 56 1.35
86 57 1.35
86 58 1.35
86 59 1.35
86 60 1.35
