0 91 0
0 92 0
1 1 1073
1 2 1266
1 3 1095
1 4 1183
1 5 1161
1 6 1111
1 7 1146
1 8 1175
1 9 1168
1 10 1258
1 11 1198
1 12 1167
1 13 1113
1 14 1141
1 15 1110
1 16 1145
1 17 1215
1 18 1258
1 19 1157
1 20 1128
1 21 1134
1 22 1241
1 23 1316
1 24 1185
1 25 1201
1 26 1166
1 27 1216
1 28 1319
1 29 1271
1 30 1191
1 31 1300
1 32 1187
1 33 1202
1 34 1213
1 35 1186
1 36 1278
1 37 1267
1 38 1256
1 39 1123
1 40 1207
1 41 1215
1 42 1228
1 43 1251
1 44 1203
1 45 1139
1 46 1218
1 47 1167
1 48 1083
1 49 1222
1 50 1203
1 51 1219
1 52 1100
1 53 1271
1 54 1242
1 55 1262
1 56 1174
1 57 1208
1 58 1296
1 59 1359
1 60 1252
1 61 1260
1 62 719
1 63 1230
1 64 733
2 1 1287
2 2 1120
2 3 1151
2 4 1147
2 5 1172
2 6 1159
2 7 1321
2 8 1066
2 9 1255
2 10 1287
2 11 1189
2 12 1191
2 13 1108
2 14 1177
2 15 1305
2 16 1141
2 17 1143
2 18 1133
2 19 1255
2 20 1104
2 21 1215
2 22 1214
2 23 1202
2 24 1129
2 25 1124
2 26 1175
2 27 1216
2 28 1204
2 29 1237
2 30 1097
2 31 1247
2 32 1183
2 33 1327
2 34 1111
2 35 1257
2 36 1128
2 37 1143
2 38 1153
2 39 1283
2 40 1176
2 41 1223
2 42 1102
2 43 1197
2 44 1171
2 45 1234
2 46 1160
2 47 1258
2 48 1204
2 49 1209
2 50 1120
2 51 1213
2 52 1244
2 53 1184
2 54 1233
2 55 1208
2 56 1248
2 57 1130
2 58 1193
2 59 1145
2 60 1240
2 61 1250
2 62 740
2 63 1326
2 64 746
3 1 1119
3 2 1161
3 3 1164
3 4 1096
3 5 1160
3 6 1146
3 7 1297
3 8 1170
3 9 1156
3 10 1140
3 11 1156
3 12 1306
3 13 1093
3 14 1116
3 15 1225
3 16 1339
3 17 1187
3 18 1067
3 19 1092
3 20 1103
3 21 1078
3 22 1283
3 23 1118
3 24 1251
3 25 1119
3 26 1162
3 27 1154
3 28 1190
3 29 1073
3 30 1191
3 31 1168
3 32 1151
3 33 1223
3 34 1160
3 35 1270
3 36 1143
3 37 1074
3 38 1214
3 39 1136
3 40 1101
3 41 1129
3 42 1205
3 43 1227
3 44 1194
3 45 1217
3 46 1198
3 47 1210
3 48 1301
3 49 1132
3 50 1233
3 51 1301
3 52 1210
3 53 1365
3 54 1202
3 55 1185
3 56 1096
3 57 1182
3 58 1180
3 59 1151
3 60 1170
3 61 1243
3 62 744
3 63 1279
3 64 746
4 1 1103
4 2 1250
4 3 1098
4 4 1250
4 5 1210
4 6 1200
4 7 1160
4 8 1118
4 9 1146
4 10 1160
4 11 1184
4 12 1163
4 13 1180
4 14 1106
4 15 1171
4 16 1224
4 17 1102
4 18 1152
4 19 1109
4 20 1231
4 21 1237
4 22 1257
4 23 1100
4 24 1241
4 25 1120
4 26 1269
4 27 1182
4 28 1251
4 29 1237
4 30 1130
4 31 1171
4 32 1183
4 33 1090
4 34 1104
4 35 1116
4 36 1212
4 37 1262
4 38 1215
4 39 1202
4 40 1162
4 41 1085
4 42 1157
4 43 1269
4 44 1082
4 45 1162
4 46 1241
4 47 1177
4 48 1224
4 49 1298
4 50 1185
4 51 1090
4 52 1210
4 53 1105
4 54 1103
4 55 1314
4 56 1246
4 57 1234
4 58 1086
4 59 1188
4 60 1168
4 61 1209
4 62 712
4 63 1265
4 64 732
5 1 1161
5 2 1111
5 3 1180
5 4 1192
5 5 0
5 6 0
5 7 1156
5 8 1161
5 9 1146
5 10 1222
5 11 1098
5 12 1147
5 13 1213
5 14 1214
5 15 1181
5 16 1082
5 17 1274
5 18 1168
5 19 1114
5 20 1208
5 21 1095
5 22 1211
5 23 1102
5 24 1193
5 25 1153
5 26 1255
5 27 1183
5 28 1141
5 29 1233
5 30 1256
5 31 1122
5 32 1224
5 33 1329
5 34 1236
5 35 1123
5 36 1148
5 37 1258
5 38 1252
5 39 1132
5 40 1143
5 41 1259
5 42 1136
5 43 1252
5 44 1239
5 45 1178
5 46 1130
5 47 1309
5 48 1175
5 49 1141
5 50 1123
5 51 1235
5 52 1152
5 53 1189
5 54 1218
5 55 1316
5 56 1225
5 57 1236
5 58 1154
5 59 1104
5 60 1174
5 61 1284
5 62 694
5 63 1275
5 64 728
6 1 1146
6 2 1101
6 3 1240
6 4 1085
6 5 1109
6 6 1196
6 7 1077
6 8 1175
6 9 1137
6 10 1284
6 11 0
6 12 1130
6 13 1200
6 14 1084
6 15 1092
6 16 1172
6 17 1365
6 18 1167
6 19 1111
6 20 1217
6 21 1110
6 22 1201
6 23 1281
6 24 1230
6 25 1213
6 26 1183
6 27 1177
6 28 1203
6 29 1138
6 30 1195
6 31 1242
6 32 1273
6 33 1121
6 34 1230
6 35 1156
6 36 1170
6 37 1207
6 38 1165
6 39 1094
6 40 1146
6 41 1251
6 42 1107
6 43 1150
6 44 1150
6 45 1153
6 46 1164
6 47 1231
6 48 1196
6 49 1145
6 50 1227
6 51 1282
6 52 1275
6 53 1201
6 54 1209
6 55 1276
6 56 1173
6 57 1099
6 58 1114
6 59 1195
6 60 1145
6 61 1325
6 62 762
6 63 1218
6 64 748
7 1 1313
7 2 1349
7 3 1171
7 4 1198
7 5 1174
7 6 1326
7 7 1213
7 8 1194
7 9 1109
7 10 1253
7 11 1183
7 12 1145
7 13 1230
7 14 1272
7 15 1245
7 16 1114
7 17 1294
7 18 1181
7 19 1182
7 20 1165
7 21 1360
7 22 1281
7 23 1212
7 24 1338
7 25 1091
7 26 1199
7 27 1177
7 28 1093
7 29 1129
7 30 1204
7 31 1168
7 32 1100
7 33 1194
7 34 1329
7 35 0
7 36 0
7 37 0
7 38 0
7 39 0
7 40 0
7 41 0
7 42 0
7 43 1298
7 44 0
7 45 0
7 46 0
7 47 1217
7 48 1157
7 49 1252
7 50 1285
7 51 1217
7 52 1229
7 53 1102
7 54 1082
7 55 1160
7 56 1215
7 57 1147
7 58 1328
7 59 1274
7 60 1120
7 61 1215
7 62 725
7 63 1248
7 64 759
8 1 1211
8 2 1244
8 3 1127
8 4 1154
8 5 1150
8 6 1267
8 7 1123
8 8 1198
8 9 1179
8 10 1188
8 11 1330
8 12 1199
8 13 1120
8 14 1211
8 15 1312
8 16 1151
8 17 1283
8 18 1158
8 19 1140
8 20 1215
8 21 1314
8 22 1239
8 23 1172
8 24 1126
8 25 1214
8 26 1126
8 27 1306
8 28 1074
8 29 1193
8 30 1136
8 31 1265
8 32 1264
8 33 1148
8 34 1095
8 35 1146
8 36 1172
8 37 1192
8 38 1220
8 39 1223
8 40 1204
8 41 1220
8 42 1180
8 43 1129
8 44 1246
8 45 1220
8 46 1240
8 47 1370
8 48 1183
8 49 1288
8 50 1208
8 51 1180
8 52 1288
8 53 1140
8 54 1190
8 55 1241
8 56 1184
8 57 1107
8 58 1187
8 59 0
8 60 0
8 61 1330
8 62 799
8 63 1282
8 64 842
9 1 1189
9 2 1294
9 3 1300
9 4 1284
9 5 1170
9 6 1133
9 7 1142
9 8 1216
9 9 1211
9 10 1196
9 11 1254
9 12 1206
9 13 1135
9 14 1167
9 15 0
9 16 0
9 17 1254
9 18 1142
9 19 1202
9 20 1143
9 21 1211
9 22 1234
9 23 1334
9 24 1184
9 25 1187
9 26 1107
9 27 1142
9 28 1166
9 29 1220
9 30 1199
9 31 1207
9 32 1162
9 33 1093
9 34 1239
9 35 1289
9 36 1091
9 37 1284
9 38 1198
9 39 1209
9 40 1211
9 41 1159
9 42 1137
9 43 1204
9 44 1180
9 45 1307
9 46 1159
9 47 1183
9 48 1148
9 49 1229
9 50 1232
9 51 1219
9 52 1376
9 53 1188
9 54 1125
9 55 1380
9 56 1311
9 57 1223
9 58 1286
9 59 1079
9 60 1164
9 61 1260
9 62 684
9 63 1177
9 64 760
10 1 1216
10 2 1078
10 3 1201
10 4 1160
10 5 1153
10 6 1245
10 7 1177
10 8 1101
10 9 1097
10 10 1197
10 11 1217
10 12 1202
10 13 1245
10 14 1144
10 15 1223
10 16 1163
10 17 1212
10 18 1201
10 19 1147
10 20 1182
10 21 1296
10 22 1200
10 23 1144
10 24 1253
10 25 1165
10 26 1174
10 27 1136
10 28 1179
10 29 1219
10 30 1202
10 31 1235
10 32 1196
10 33 1234
10 34 1149
10 35 1121
10 36 1189
10 37 1149
10 38 1225
10 39 1205
10 40 1208
10 41 1263
10 42 1157
10 43 1107
10 44 1173
10 45 1165
10 46 1241
10 47 1314
10 48 1130
10 49 1222
10 50 1138
10 51 1212
10 52 1172
10 53 1266
10 54 1150
10 55 1205
10 56 1246
10 57 1149
10 58 1123
10 59 1153
10 60 1290
10 61 1204
10 62 767
10 63 1241
10 64 733
11 1 0
11 2 0
11 3 1113
11 4 1073
11 5 1208
11 6 1165
11 7 1163
11 8 1155
11 9 1157
11 10 1089
11 11 1133
11 12 1183
11 13 1143
11 14 1194
11 15 1194
11 16 1139
11 17 1160
11 18 1196
11 19 1181
11 20 1095
11 21 1176
11 22 1225
11 23 1146
11 24 1216
11 25 1090
11 26 1111
11 27 1162
11 28 1211
11 29 1224
11 30 1162
11 31 1326
11 32 1120
11 33 1379
11 34 1234
11 35 1247
11 36 1267
11 37 1219
11 38 1372
11 39 1133
11 40 1243
11 41 1169
11 42 1172
11 43 1294
11 44 1285
11 45 1172
11 46 1085
11 47 1178
11 48 1170
11 49 1147
11 50 1131
11 51 1156
11 52 1075
11 53 1129
11 54 1134
11 55 1225
11 56 1166
11 57 1206
11 58 1182
11 59 1210
11 60 1160
11 61 1404
11 62 669
11 63 1279
11 64 738
12 1 1229
12 2 1138
12 3 1205
12 4 1220
12 5 1117
12 6 1263
12 7 1153
12 8 1147
12 9 1123
12 10 1126
12 11 1107
12 12 1152
12 13 1178
12 14 1090
12 15 1155
12 16 1136
12 17 1361
12 18 1211
12 19 1111
12 20 1248
12 21 1041
12 22 1111
12 23 1209
12 24 1261
12 25 1151
12 26 1227
12 27 1119
12 28 1148
12 29 1149
12 30 1105
12 31 1170
12 32 1128
12 33 1251
12 34 1249
12 35 1196
12 36 1255
12 37 1164
12 38 1183
12 39 1213
12 40 1146
12 41 1266
12 42 1221
12 43 1104
12 44 1210
12 45 1263
12 46 1228
12 47 1132
12 48 1132
12 49 1141
12 50 1279
12 51 1228
12 52 1124
12 53 1243
12 54 1153
12 55 1209
12 56 1211
12 57 1156
12 58 1136
12 59 1152
12 60 1281
12 61 1241
12 62 742
12 63 1264
12 64 760
13 1 1146
13 2 1140
13 3 1191
13 4 1175
13 5 1143
13 6 1144
13 7 1185
13 8 1228
13 9 1121
13 10 1085
13 11 1132
13 12 1160
13 13 1212
13 14 1108
13 15 1079
13 16 1140
13 17 1165
13 18 1132
13 19 1173
13 20 1170
13 21 1093
13 22 1107
13 23 1213
13 24 1197
13 25 1081
13 26 1251
13 27 1199
13 28 1086
13 29 1064
13 30 1314
13 31 1238
13 32 1100
13 33 1202
13 34 1209
13 35 1154
13 36 1238
13 37 1173
13 38 1176
13 39 1192
13 40 1158
13 41 1168
13 42 1163
13 43 1229
13 44 1180
13 45 1266
13 46 1151
13 47 1121
13 48 1235
13 49 1133
13 50 1150
13 51 1159
13 52 1104
13 53 1293
13 54 1099
13 55 1274
13 56 1150
13 57 1171
13 58 1204
13 59 1159
13 60 1205
13 61 1300
13 62 737
13 63 1312
13 64 727
14 1 1125
14 2 1190
14 3 1182
14 4 1211
14 5 1150
14 6 1207
14 7 1139
14 8 1247
14 9 1116
14 10 1156
14 11 1286
14 12 1262
14 13 1183
14 14 1258
14 15 1155
14 16 1218
14 17 1182
14 18 1201
14 19 1210
14 20 1156
14 21 1258
14 22 1275
14 23 1097
14 24 1259
14 25 1358
14 26 1194
14 27 1167
14 28 1144
14 29 1231
14 30 1230
14 31 1185
14 32 1157
14 33 1201
14 34 1295
14 35 1123
14 36 1118
14 37 1305
14 38 1134
14 39 1192
14 40 1140
14 41 1292
14 42 1153
14 43 1210
14 44 1216
14 45 1283
14 46 1103
14 47 1284
14 48 1181
14 49 1142
14 50 1234
14 51 1118
14 52 1234
14 53 1100
14 54 1172
14 55 1235
14 56 1180
14 57 1196
14 58 1168
14 59 1126
14 60 1097
14 61 1292
14 62 739
14 63 1201
14 64 717
15 1 1234
15 2 1270
15 3 1083
15 4 1165
15 5 1245
15 6 1273
15 7 1252
15 8 1205
15 9 1097
15 10 1171
15 11 1193
15 12 1147
15 13 1210
15 14 1159
15 15 1324
15 16 1171
15 17 1267
15 18 1143
15 19 1176
15 20 1318
15 21 1206
15 22 1135
15 23 1364
15 24 1271
15 25 1160
15 26 1186
15 27 1149
15 28 1143
15 29 1190
15 30 1112
15 31 1250
15 32 1238
15 33 1186
15 34 1159
15 35 1228
15 36 1198
15 37 1172
15 38 1265
15 39 1342
15 40 1103
15 41 1206
15 42 1306
15 43 1184
15 44 1107
15 45 1166
15 46 1282
15 47 1213
15 48 1196
15 49 1107
15 50 1066
15 51 1220
15 52 1261
15 53 1256
15 54 1408
15 55 1159
15 56 1376
15 57 1258
15 58 1228
15 59 1312
15 60 1168
15 61 1339
15 62 828
15 63 1183
15 64 765
16 1 1079
16 2 1195
16 3 1161
16 4 1196
16 5 1087
16 6 1273
16 7 1088
16 8 1096
16 9 1126
16 10 1229
16 11 1134
16 12 1189
16 13 1153
16 14 1188
16 15 1122
16 16 1306
16 17 1197
16 18 1221
16 19 1085
16 20 1100
16 21 1108
16 22 1112
16 23 1110
16 24 1152
16 25 1200
16 26 1203
16 27 1206
16 28 1249
16 29 1111
16 30 1183
16 31 1184
16 32 1200
16 33 1100
16 34 1198
16 35 1132
16 36 1172
16 37 1322
16 38 1148
16 39 1184
16 40 1200
16 41 1196
16 42 1086
16 43 1171
16 44 1188
16 45 1127
16 46 1165
16 47 1110
16 48 1121
16 49 1215
16 50 1225
16 51 1313
16 52 1204
16 53 1244
16 54 1102
16 55 1165
16 56 1103
16 57 1138
16 58 1241
16 59 1162
16 60 1130
16 61 1328
16 62 816
16 63 1394
16 64 732
17 1 1100
17 2 1180
17 3 1098
17 4 1107
17 5 1177
17 6 1173
17 7 1185
17 8 1130
17 9 1201
17 10 1111
17 11 1250
17 12 1307
17 13 1077
17 14 1144
17 15 1362
17 16 1259
17 17 1231
17 18 1306
17 19 1128
17 20 1277
17 21 1296
17 22 1135
17 23 1257
17 24 1256
17 25 1209
17 26 1170
17 27 1221
17 28 1148
17 29 1185
17 30 1259
17 31 1227
17 32 1115
17 33 1202
17 34 1133
17 35 1276
17 36 1259
17 37 1214
17 38 1195
17 39 1144
17 40 1309
17 41 1157
17 42 1195
17 43 1124
17 44 1252
17 45 1129
17 46 1247
17 47 1122
17 48 1252
17 49 1217
17 50 1207
17 51 1245
17 52 1200
17 53 1118
17 54 1086
17 55 1117
17 56 1177
17 57 1358
17 58 1329
17 59 1312
17 60 1316
17 61 1243
17 62 743
17 63 1291
17 64 742
18 1 1176
18 2 1066
18 3 1140
18 4 1055
18 5 1195
18 6 1227
18 7 1186
18 8 1249
18 9 1257
18 10 1121
18 11 1237
18 12 1070
18 13 1107
18 14 1140
18 15 1189
18 16 1324
18 17 1123
18 18 1230
18 19 1183
18 20 1143
18 21 1118
18 22 1197
18 23 1152
18 24 1546
18 25 1128
18 26 1179
18 27 1248
18 28 1166
18 29 1145
18 30 1123
18 31 1379
18 32 1126
18 33 1144
18 34 1096
18 35 1227
18 36 1097
18 37 1110
18 38 1223
18 39 1135
18 40 1102
18 41 1071
18 42 1161
18 43 1176
18 44 1281
18 45 0
18 46 0
18 47 1225
18 48 1126
18 49 1329
18 50 1246
18 51 1138
18 52 1167
18 53 1305
18 54 1105
18 55 1252
18 56 1434
18 57 1104
18 58 1229
18 59 1120
18 60 1206
18 61 1257
18 62 740
18 63 1207
18 64 725
19 1 1092
19 2 1126
19 3 1330
19 4 1214
19 5 1171
19 6 1235
19 7 1120
19 8 1144
19 9 1101
19 10 1190
19 11 1187
19 12 1143
19 13 1113
19 14 1185
19 15 1198
19 16 1144
19 17 1115
19 18 1256
19 19 1195
19 20 1182
19 21 1200
19 22 1122
19 23 1296
19 24 1117
19 25 1117
19 26 1341
19 27 1140
19 28 1190
19 29 1183
19 30 1157
19 31 1218
19 32 1126
19 33 1276
19 34 1195
19 35 1190
19 36 1096
19 37 1132
19 38 1160
19 39 1068
19 40 1119
19 41 1151
19 42 1129
19 43 1205
19 44 1071
19 45 1175
19 46 1178
19 47 1311
19 48 1326
19 49 1262
19 50 1266
19 51 1086
19 52 1109
19 53 1206
19 54 1106
19 55 1250
19 56 1149
19 57 1264
19 58 1148
19 59 0
19 60 0
19 61 1211
19 62 735
19 63 1265
19 64 722
20 1 1265
20 2 1117
20 3 1144
20 4 1137
20 5 1185
20 6 1149
20 7 1169
20 8 1099
20 9 1282
20 10 1210
20 11 1159
20 12 1187
20 13 1250
20 14 1199
20 15 1137
20 16 1278
20 17 1158
20 18 1089
20 19 1142
20 20 1182
20 21 1124
20 22 1137
20 23 1416
20 24 1143
20 25 1182
20 26 1138
20 27 1215
20 28 1146
20 29 1153
20 30 1209
20 31 1169
20 32 1132
20 33 1282
20 34 1129
20 35 1192
20 36 1295
20 37 1160
20 38 1221
20 39 1128
20 40 1224
20 41 1133
20 42 1210
20 43 1138
20 44 1121
20 45 1153
20 46 1296
20 47 1179
20 48 1195
20 49 1424
20 50 1330
20 51 1139
20 52 1124
20 53 1280
20 54 1159
20 55 1192
20 56 1211
20 57 1225
20 58 1219
20 59 1162
20 60 1098
20 61 1239
20 62 732
20 63 1299
20 64 773
21 1 1169
21 2 1261
21 3 1307
21 4 1339
21 5 1325
21 6 1365
21 7 1391
21 8 1513
21 9 1228
21 10 1280
21 11 1266
21 12 1218
21 13 1167
21 14 1309
21 15 1334
21 16 1296
21 17 1225
21 18 1378
21 19 1189
21 20 1238
21 21 1393
21 22 1166
21 23 1477
21 24 1334
21 25 1217
21 26 1278
21 27 1248
21 28 1369
21 29 1166
21 30 1250
21 31 1258
21 32 1249
21 33 1254
21 34 1336
21 35 1354
21 36 1343
21 37 1422
21 38 1306
21 39 1370
21 40 1359
21 41 1281
21 42 1258
21 43 1167
21 44 1184
21 45 1264
21 46 1359
21 47 1167
21 48 1414
21 49 1212
21 50 1351
21 51 1329
21 52 1259
21 53 1142
21 54 1430
21 55 1228
21 56 1479
21 57 1383
21 58 1139
21 59 1326
21 60 1335
21 61 1280
21 62 794
21 63 1484
21 64 734
22 1 1179
22 2 1227
22 3 1189
22 4 1158
22 5 1128
22 6 1312
22 7 1145
22 8 1144
22 9 1184
22 10 1197
22 11 1296
22 12 1119
22 13 1184
22 14 1236
22 15 1289
22 16 1076
22 17 1207
22 18 1238
22 19 1075
22 20 1213
22 21 1212
22 22 1120
22 23 1103
22 24 1155
22 25 1086
22 26 1255
22 27 1187
22 28 1058
22 29 1265
22 30 1230
22 31 1157
22 32 1262
22 33 1156
22 34 1246
22 35 1215
22 36 1259
22 37 1237
22 38 1097
22 39 1200
22 40 1199
22 41 1215
22 42 1251
22 43 1180
22 44 1311
22 45 1113
22 46 1123
22 47 1176
22 48 1261
22 49 0
22 50 0
22 51 1205
22 52 1247
22 53 1159
22 54 1148
22 55 1118
22 56 1160
22 57 1248
22 58 1163
22 59 1179
22 60 1222
22 61 1187
22 62 770
22 63 1250
22 64 692
23 1 1121
23 2 1103
23 3 1153
23 4 1222
23 5 1225
23 6 1340
23 7 1179
23 8 1202
23 9 1204
23 10 1137
23 11 1116
23 12 1180
23 13 1146
23 14 1141
23 15 1211
23 16 1206
23 17 1281
23 18 1149
23 19 1202
23 20 1112
23 21 1256
23 22 1171
23 23 1326
23 24 1263
23 25 1082
23 26 1226
23 27 1192
23 28 1343
23 29 1228
23 30 1190
23 31 1142
23 32 1125
23 33 1091
23 34 1168
23 35 1224
23 36 1121
23 37 1084
23 38 1096
23 39 1160
23 40 1147
23 41 1317
23 42 1147
23 43 1370
23 44 1207
23 45 1213
23 46 1219
23 47 1267
23 48 1090
23 49 1257
23 50 1147
23 51 1191
23 52 1192
23 53 1122
23 54 1198
23 55 1255
23 56 1309
23 57 1093
23 58 1099
23 59 1107
23 60 1215
23 61 1255
23 62 852
23 63 1360
23 64 762
24 1 1159
24 2 1225
24 3 1209
24 4 1227
24 5 1137
24 6 1113
24 7 1131
24 8 1214
24 9 1157
24 10 1129
24 11 1224
24 12 1185
24 13 1228
24 14 1198
24 15 1225
24 16 1136
24 17 1157
24 18 1182
24 19 1092
24 20 1176
24 21 1334
24 22 1296
24 23 1176
24 24 1123
24 25 1118
24 26 1259
24 27 1273
24 28 1195
24 29 1129
24 30 1157
24 31 1178
24 32 1196
24 33 1144
24 34 1163
24 35 1226
24 36 1205
24 37 1293
24 38 1100
24 39 1114
24 40 1182
24 41 1147
24 42 1166
24 43 1218
24 44 1300
24 45 1337
24 46 1178
24 47 1123
24 48 1104
24 49 1144
24 50 1181
24 51 1110
24 52 1136
24 53 1143
24 54 1149
24 55 1183
24 56 0
24 57 1315
24 58 1261
24 59 1209
24 60 1210
24 61 1202
24 62 747
24 63 1291
24 64 692
25 1 1112
25 2 1074
25 3 1099
25 4 1171
25 5 1141
25 6 1213
25 7 1178
25 8 1175
25 9 1272
25 10 1196
25 11 1169
25 12 1220
25 13 1099
25 14 1121
25 15 1151
25 16 1099
25 17 1205
25 18 1218
25 19 1168
25 20 1181
25 21 1226
25 22 1165
25 23 1242
25 24 1220
25 25 1098
25 26 1221
25 27 1185
25 28 1176
25 29 1193
25 30 1265
25 31 1161
25 32 1171
25 33 1224
25 34 1255
25 35 1308
25 36 1151
25 37 1169
25 38 1196
25 39 1273
25 40 1178
25 41 1088
25 42 1153
25 43 1219
25 44 1165
25 45 1347
25 46 1112
25 47 1076
25 48 1161
25 49 1284
25 50 1245
25 51 1264
25 52 1279
25 53 1244
25 54 1310
25 55 1173
25 56 1156
25 57 1140
25 58 1261
25 59 1228
25 60 1222
25 61 1262
25 62 761
25 63 1286
25 64 740
26 1 1107
26 2 1153
26 3 1196
26 4 1151
26 5 1096
26 6 1239
26 7 1182
26 8 1207
26 9 1158
26 10 1131
26 11 1202
26 12 1205
26 13 1170
26 14 1125
26 15 1216
26 16 1277
26 17 1206
26 18 1119
26 19 1237
26 20 1262
26 21 1106
26 22 1096
26 23 1336
26 24 1250
26 25 1163
26 26 1102
26 27 1187
26 28 1241
26 29 1168
26 30 1144
26 31 1156
26 32 1141
26 33 1182
26 34 1283
26 35 1187
26 36 1303
26 37 1125
26 38 1113
26 39 1206
26 40 1117
26 41 1219
26 42 1141
26 43 1196
26 44 1140
26 45 1152
26 46 0
26 47 1315
26 48 1217
26 49 1150
26 50 1295
26 51 1253
26 52 1100
26 53 1285
26 54 1181
26 55 1282
26 56 1249
26 57 1166
26 58 1140
26 59 1318
26 60 1220
26 61 752
26 62 1231
26 63 1205
26 64 759
27 1 1384
27 2 1191
27 3 1217
27 4 1110
27 5 1248
27 6 1263
27 7 0
27 8 0
27 9 1298
27 10 1139
27 11 1096
27 12 1220
27 13 1207
27 14 1113
27 15 1184
27 16 1284
27 17 1160
27 18 1095
27 19 1156
27 20 1254
27 21 1252
27 22 1120
27 23 1120
27 24 1170
27 25 1191
27 26 1129
27 27 1174
27 28 1255
27 29 1248
27 30 1234
27 31 1221
27 32 1188
27 33 1221
27 34 1177
27 35 1179
27 36 1110
27 37 1261
27 38 1238
27 39 1241
27 40 1176
27 41 1118
27 42 1094
27 43 1264
27 44 1307
27 45 1237
27 46 1093
27 47 1149
27 48 1193
27 49 1199
27 50 1070
27 51 1109
27 52 1210
27 53 1252
27 54 1144
27 55 1135
27 56 1244
27 57 1175
27 58 1183
27 59 1184
27 60 1092
27 61 1319
27 62 719
27 63 1273
27 64 670
28 1 1131
28 2 1174
28 3 1119
28 4 1178
28 5 1180
28 6 1155
28 7 1084
28 8 1085
28 9 1142
28 10 1253
28 11 1142
28 12 1223
28 13 1124
28 14 1172
28 15 1087
28 16 1101
28 17 1250
28 18 1251
28 19 1150
28 20 1176
28 21 1119
28 22 1169
28 23 1181
28 24 1208
28 25 1202
28 26 1065
28 27 1280
28 28 1412
28 29 1152
28 30 1391
28 31 1244
28 32 1268
28 33 1114
28 34 1117
28 35 1215
28 36 1211
28 37 1175
28 38 1167
28 39 1321
28 40 1144
28 41 0
28 42 0
28 43 1089
28 44 1196
28 45 1141
28 46 1202
28 47 1201
28 48 1133
28 49 1109
28 50 1263
28 51 1103
28 52 1203
28 53 1144
28 54 1151
28 55 1280
28 56 1180
28 57 1207
28 58 1191
28 59 1247
28 60 1155
28 61 1303
28 62 740
28 63 1223
28 64 725
29 1 1164
29 2 1363
29 3 1156
29 4 1201
29 5 1260
29 6 1281
29 7 1257
29 8 1377
29 9 1386
29 10 1145
29 11 1360
29 12 1411
29 13 1333
29 14 1325
29 15 1342
29 16 1330
29 17 1143
29 18 1142
29 19 1364
29 20 1181
29 21 1424
29 22 1187
29 23 1251
29 24 1217
29 25 1256
29 26 1128
29 27 1189
29 28 1232
29 29 1251
29 30 1219
29 31 1242
29 32 1187
29 33 1277
29 34 1337
29 35 1209
29 36 1163
29 37 1162
29 38 1246
29 39 1313
29 40 1389
29 41 1316
29 42 1193
29 43 1375
29 44 1183
29 45 1290
29 46 1297
29 47 1248
29 48 1242
29 49 1390
29 50 1277
29 51 1262
29 52 1298
29 53 1363
29 54 1393
29 55 1248
29 56 1245
29 57 1411
29 58 1275
29 59 0
29 60 0
29 61 1408
29 62 803
29 63 1209
29 64 716
30 1 1365
30 2 1209
30 3 1264
30 4 1182
30 5 1260
30 6 1414
30 7 1240
30 8 1131
30 9 1326
30 10 1234
30 11 1308
30 12 1315
30 13 1239
30 14 1358
30 15 1356
30 16 1429
30 17 1406
30 18 1448
30 19 1272
30 20 1150
30 21 1210
30 22 1393
30 23 0
30 24 1395
30 25 1390
30 26 1247
30 27 1185
30 28 1279
30 29 1385
30 30 1166
30 31 1217
30 32 1453
30 33 1449
30 34 1282
30 35 1411
30 36 1328
30 37 1345
30 38 1329
30 39 1290
30 40 1263
30 41 1249
30 42 1266
30 43 1265
30 44 1283
30 45 1222
30 46 1353
30 47 1345
30 48 1155
30 49 1382
30 50 1398
30 51 1440
30 52 1338
30 53 1308
30 54 1272
30 55 1320
30 56 1169
30 57 1360
30 58 1255
30 59 1294
30 60 0
30 61 1184
30 62 767
30 63 1171
30 64 805
31 1 1197
31 2 1244
31 3 1120
31 4 1072
31 5 1164
31 6 1151
31 7 1193
31 8 1240
31 9 1099
31 10 1098
31 11 1298
31 12 1203
31 13 1175
31 14 1247
31 15 1137
31 16 1151
31 17 1153
31 18 1158
31 19 1076
31 20 1123
31 21 1268
31 22 1147
31 23 1131
31 24 1275
31 25 1085
31 26 1086
31 27 1269
31 28 1088
31 29 1154
31 30 1289
31 31 1214
31 32 1260
31 33 1199
31 34 1200
31 35 1197
31 36 1218
31 37 1212
31 38 1073
31 39 1163
31 40 1220
31 41 1170
31 42 1128
31 43 1087
31 44 1231
31 45 1177
31 46 1114
31 47 1086
31 48 1100
31 49 1198
31 50 1169
31 51 1143
31 52 1178
31 53 1351
31 54 1227
31 55 1156
31 56 1147
31 57 1131
31 58 1219
31 59 1190
31 60 1264
31 61 1210
31 62 708
31 63 1248
31 64 724
32 1 1241
32 2 1244
32 3 1233
32 4 1247
32 5 1296
32 6 1123
32 7 1259
32 8 1179
32 9 1207
32 10 1220
32 11 1108
32 12 1142
32 13 1193
32 14 1220
32 15 1138
32 16 1176
32 17 1191
32 18 1155
32 19 1202
32 20 1220
32 21 1197
32 22 1135
32 23 1126
32 24 1204
32 25 1189
32 26 1138
32 27 1139
32 28 1254
32 29 1214
32 30 1196
32 31 1221
32 32 1204
32 33 1259
32 34 1207
32 35 1264
32 36 1187
32 37 1146
32 38 1232
32 39 1135
32 40 1228
32 41 1217
32 42 1208
32 43 1155
32 44 1235
32 45 1230
32 46 1261
32 47 1157
32 48 1232
32 49 1185
32 50 1175
32 51 1199
32 52 1217
32 53 1136
32 54 1178
32 55 1116
32 56 1243
32 57 0
32 58 0
32 59 1108
32 60 1226
32 61 1231
32 62 719
32 63 1196
32 64 767
33 1 1285
33 2 1120
33 3 1168
33 4 1122
33 5 0
33 6 0
33 7 1282
33 8 1162
33 9 1163
33 10 1197
33 11 1188
33 12 1321
33 13 1112
33 14 1102
33 15 1131
33 16 1232
33 17 1201
33 18 1162
33 19 1189
33 20 1113
33 21 1127
33 22 1344
33 23 1146
33 24 1144
33 25 1282
33 26 1127
33 27 1155
33 28 1250
33 29 1324
33 30 1217
33 31 1117
33 32 1164
33 33 1249
33 34 1117
33 35 1171
33 36 1154
33 37 1196
33 38 1182
33 39 1170
33 40 1168
33 41 1166
33 42 1137
33 43 1191
33 44 1165
33 45 1143
33 46 1207
33 47 1152
33 48 1159
33 49 1262
33 50 1210
33 51 1283
33 52 1159
33 53 1143
33 54 1218
33 55 1124
33 56 1243
33 57 1238
33 58 1170
33 59 1288
33 60 1186
33 61 1202
33 62 771
33 63 1288
33 64 727
34 1 1110
34 2 1169
34 3 1082
34 4 1094
34 5 1209
34 6 1144
34 7 1118
34 8 1146
34 9 1197
34 10 1150
34 11 0
34 12 0
34 13 0
34 14 0
34 15 0
34 16 1120
34 17 0
34 18 1188
34 19 1129
34 20 1226
34 21 1094
34 22 0
34 23 1318
34 24 1131
34 25 1194
34 26 1169
34 27 1185
34 28 1188
34 29 1348
34 30 1184
34 31 1156
34 32 1225
34 33 1222
34 34 1137
34 35 1259
34 36 1167
34 37 1149
34 38 1246
34 39 1110
34 40 1303
34 41 1201
34 42 1097
34 43 1115
34 44 1219
34 45 1201
34 46 1136
34 47 1135
34 48 1181
34 49 1251
34 50 1195
34 51 1141
34 52 1252
34 53 1173
34 54 1092
34 55 1155
34 56 1267
34 57 1178
34 58 1120
34 59 1211
34 60 1210
34 61 1232
34 62 794
34 63 1217
34 64 711
35 1 1113
35 2 1253
35 3 1115
35 4 1305
35 5 1184
35 6 1305
35 7 1096
35 8 1273
35 9 1187
35 10 1107
35 11 1171
35 12 1120
35 13 1120
35 14 1103
35 15 1141
35 16 1203
35 17 1140
35 18 1292
35 19 1160
35 20 1202
35 21 1095
35 22 1140
35 23 1131
35 24 1177
35 25 1292
35 26 1204
35 27 1189
35 28 1168
35 29 1185
35 30 1138
35 31 1131
35 32 1260
35 33 1251
35 34 1135
35 35 1174
35 36 1341
35 37 1295
35 38 1122
35 39 1161
35 40 1065
35 41 1183
35 42 1265
35 43 1086
35 44 1165
35 45 1190
35 46 1161
35 47 1163
35 48 1120
35 49 1272
35 50 1271
35 51 1242
35 52 1173
35 53 1285
35 54 1188
35 55 1209
35 56 1167
35 57 1132
35 58 1152
35 59 1152
35 60 1152
35 61 1098
35 62 597
35 63 1324
35 64 842
36 1 1109
36 2 1078
36 3 1220
36 4 1153
36 5 1246
36 6 1302
36 7 1179
36 8 1114
36 9 1302
36 10 1103
36 11 1171
36 12 1251
36 13 1085
36 14 1337
36 15 1331
36 16 1153
36 17 1251
36 18 1238
36 19 1217
36 20 1151
36 21 1225
36 22 1098
36 23 1169
36 24 1233
36 25 1224
36 26 1353
36 27 1121
36 28 1377
36 29 1199
36 30 1113
36 31 1329
36 32 1301
36 33 1095
36 34 1210
36 35 1188
36 36 1166
36 37 1218
36 38 1138
36 39 1243
36 40 1236
36 41 1357
36 42 1381
36 43 1141
36 44 1320
36 45 1168
36 46 1211
36 47 1281
36 48 1337
36 49 1197
36 50 1268
36 51 1250
36 52 1303
36 53 1360
36 54 1249
36 55 1452
36 56 1308
36 57 1364
36 58 1291
36 59 1315
36 60 1170
36 61 1184
36 62 700
36 63 1180
36 64 731
37 1 1088
37 2 1147
37 3 1093
37 4 1299
37 5 1214
37 6 1347
37 7 1159
37 8 1124
37 9 1133
37 10 1139
37 11 1214
37 12 1190
37 13 1145
37 14 1139
37 15 1310
37 16 1232
37 17 1194
37 18 1275
37 19 1224
37 20 1296
37 21 1158
37 22 1210
37 23 1109
37 24 1140
37 25 1128
37 26 1124
37 27 1303
37 28 1179
37 29 1242
37 30 1247
37 31 1128
37 32 1106
37 33 1201
37 34 1176
37 35 1155
37 36 1105
37 37 1252
37 38 1389
37 39 1234
37 40 1198
37 41 1106
37 42 1092
37 43 1287
37 44 1287
37 45 1104
37 46 1093
37 47 1093
37 48 1352
37 49 1197
37 50 1168
37 51 1178
37 52 1390
37 53 1283
37 54 1157
37 55 1286
37 56 1211
37 57 1308
37 58 1265
37 59 1086
37 60 1109
37 61 1295
37 62 751
37 63 1287
37 64 784
38 1 1272
38 2 1458
38 3 1206
38 4 1284
38 5 1305
38 6 1374
38 7 1416
38 8 1313
38 9 1354
38 10 1239
38 11 1419
38 12 1356
38 13 1214
38 14 1288
38 15 1338
38 16 1229
38 17 1269
38 18 1274
38 19 1128
38 20 1366
38 21 1343
38 22 1300
38 23 1298
38 24 1204
38 25 1212
38 26 1311
38 27 1328
38 28 1220
38 29 1131
38 30 1173
38 31 1352
38 32 1292
38 33 1434
38 34 1229
38 35 1217
38 36 1214
38 37 1250
38 38 1302
38 39 1165
38 40 1423
38 41 1267
38 42 1345
38 43 1196
38 44 1364
38 45 1199
38 46 1276
38 47 1358
38 48 1274
38 49 1197
38 50 1212
38 51 1306
38 52 1319
38 53 1236
38 54 1225
38 55 1315
38 56 1251
38 57 1248
38 58 1139
38 59 0
38 60 1295
38 61 1352
38 62 751
38 63 1305
38 64 777
39 1 1161
39 2 1255
39 3 1313
39 4 1195
39 5 1254
39 6 1269
39 7 1280
39 8 1470
39 9 1321
39 10 1160
39 11 1338
39 12 1274
39 13 1199
39 14 1226
39 15 1357
39 16 1341
39 17 1390
39 18 1231
39 19 1339
39 20 1131
39 21 1289
39 22 0
39 23 1355
39 24 1199
39 25 1370
39 26 1083
39 27 1393
39 28 1178
39 29 1393
39 30 1288
39 31 1218
39 32 1404
39 33 1249
39 34 1221
39 35 1351
39 36 1380
39 37 1385
39 38 1332
39 39 1274
39 40 1156
39 41 1287
39 42 1270
39 43 1375
39 44 1394
39 45 1294
39 46 1200
39 47 1315
39 48 1198
39 49 1199
39 50 1227
39 51 1383
39 52 1245
39 53 1347
39 54 1423
39 55 1362
39 56 1367
39 57 1162
39 58 1252
39 59 1248
39 60 1305
39 61 0
39 62 1181
39 63 1161
39 64 742
40 1 1238
40 2 1323
40 3 1372
40 4 1119
40 5 1321
40 6 1216
40 7 1286
40 8 1345
40 9 1289
40 10 1187
40 11 1335
40 12 1274
40 13 1390
40 14 1242
40 15 1344
40 16 1233
40 17 1324
40 18 1357
40 19 1246
40 20 1347
40 21 1248
40 22 1365
40 23 1281
40 24 1187
40 25 1347
40 26 1184
40 27 1262
40 28 1329
40 29 1238
40 30 1444
40 31 1244
40 32 1247
40 33 1314
40 34 1188
40 35 1305
40 36 1447
40 37 1326
40 38 1194
40 39 1190
40 40 1225
40 41 1198
40 42 1175
40 43 1276
40 44 1467
40 45 1273
40 46 1176
40 47 1212
40 48 1278
40 49 1444
40 50 1203
40 51 0
40 52 0
40 53 1233
40 54 1320
40 55 1239
40 56 1192
40 57 1385
40 58 1250
40 59 1174
40 60 1262
40 61 1377
40 62 759
40 63 1414
40 64 740
41 1 1113
41 2 1086
41 3 1197
41 4 1173
41 5 1130
41 6 1205
41 7 1091
41 8 1107
41 9 1127
41 10 1098
41 11 1118
41 12 1159
41 13 1267
41 14 1224
41 15 1198
41 16 1144
41 17 1129
41 18 1120
41 19 1318
41 20 1152
41 21 1223
41 22 1269
41 23 1207
41 24 1177
41 25 1132
41 26 1211
41 27 1293
41 28 1225
41 29 1206
41 30 1109
41 31 1138
41 32 1154
41 33 1167
41 34 1172
41 35 1277
41 36 1160
41 37 1246
41 38 1360
41 39 1167
41 40 1094
41 41 1154
41 42 1286
41 43 1197
41 44 1214
41 45 1323
41 46 1197
41 47 1151
41 48 1302
41 49 1153
41 50 1215
41 51 1326
41 52 1150
41 53 1244
41 54 1171
41 55 1152
41 56 1287
41 57 1161
41 58 1209
41 59 1172
41 60 1239
41 61 1228
41 62 734
41 63 1221
41 64 718
42 1 1311
42 2 1146
42 3 1179
42 4 1119
42 5 1070
42 6 1192
42 7 1213
42 8 1255
42 9 1133
42 10 1212
42 11 1198
42 12 1178
42 13 1305
42 14 1161
42 15 1194
42 16 1159
42 17 1202
42 18 1192
42 19 1142
42 20 1271
42 21 1151
42 22 1189
42 23 1334
42 24 1273
42 25 1242
42 26 1189
42 27 1311
42 28 1214
42 29 1091
42 30 1181
42 31 1173
42 32 1154
42 33 1225
42 34 1160
42 35 1281
42 36 1114
42 37 1102
42 38 1214
42 39 1159
42 40 1177
42 41 1165
42 42 1222
42 43 1177
42 44 1175
42 45 1132
42 46 1168
42 47 0
42 48 0
42 49 1241
42 50 1240
42 51 1219
42 52 1087
42 53 1173
42 54 1236
42 55 1185
42 56 1154
42 57 1193
42 58 1075
42 59 1123
42 60 1197
42 61 1204
42 62 806
42 63 1211
42 64 728
43 1 1138
43 2 1257
43 3 1345
43 4 1128
43 5 1311
43 6 1274
43 7 1218
43 8 1138
43 9 1140
43 10 1177
43 11 1207
43 12 1214
43 13 1138
43 14 1148
43 15 1175
43 16 1170
43 17 1189
43 18 1087
43 19 1196
43 20 1267
43 21 1176
43 22 1127
43 23 1173
43 24 1158
43 25 1245
43 26 1176
43 27 1123
43 28 1179
43 29 1171
43 30 1261
43 31 1136
43 32 1238
43 33 1165
43 34 1210
43 35 1176
43 36 1289
43 37 1181
43 38 1129
43 39 1238
43 40 1108
43 41 1275
43 42 1180
43 43 1343
43 44 1198
43 45 1281
43 46 1326
43 47 1136
43 48 1216
43 49 1287
43 50 1248
43 51 1202
43 52 1128
43 53 1219
43 54 1375
43 55 1375
43 56 1193
43 57 1167
43 58 1246
43 59 1240
43 60 1263
43 61 1202
43 62 776
43 63 1162
43 64 702
44 1 1108
44 2 1232
44 3 1293
44 4 1094
44 5 1075
44 6 1289
44 7 1115
44 8 1166
44 9 1130
44 10 1164
44 11 1162
44 12 1261
44 13 1075
44 14 1222
44 15 1090
44 16 1319
44 17 1150
44 18 1237
44 19 1193
44 20 1122
44 21 1140
44 22 1234
44 23 1219
44 24 1174
44 25 0
44 26 0
44 27 1189
44 28 1185
44 29 1140
44 30 1087
44 31 1311
44 32 1150
44 33 1102
44 34 1120
44 35 1132
44 36 1204
44 37 1129
44 38 1420
44 39 1102
44 40 1126
44 41 1116
44 42 1196
44 43 1184
44 44 1141
44 45 1195
44 46 1088
44 47 0
44 48 0
44 49 1141
44 50 1137
44 51 1321
44 52 1067
44 53 1210
44 54 1156
44 55 1222
44 56 1116
44 57 1128
44 58 1149
44 59 1252
44 60 1106
44 61 1281
44 62 729
44 63 1329
44 64 736
45 1 1181
45 2 1315
45 3 1348
45 4 1268
45 5 1137
45 6 1206
45 7 1243
45 8 1168
45 9 1156
45 10 1239
45 11 1263
45 12 1276
45 13 1359
45 14 1236
45 15 1267
45 16 1267
45 17 1191
45 18 1205
45 19 0
45 20 0
45 21 1360
45 22 1226
45 23 1286
45 24 1110
45 25 1283
45 26 1245
45 27 1120
45 28 1184
45 29 1172
45 30 1238
45 31 1144
45 32 1257
45 33 1373
45 34 1228
45 35 1379
45 36 1154
45 37 1407
45 38 1139
45 39 1293
45 40 1294
45 41 1172
45 42 1221
45 43 1249
45 44 1127
45 45 1080
45 46 1204
45 47 1179
45 48 1494
45 49 1183
45 50 1160
45 51 1197
45 52 1261
45 53 1237
45 54 1281
45 55 1327
45 56 1176
45 57 1291
45 58 1386
45 59 1172
45 60 1413
45 61 1284
45 62 737
45 63 1338
45 64 765
46 1 1343
46 2 1267
46 3 1194
46 4 1184
46 5 1288
46 6 1262
46 7 1364
46 8 1098
46 9 1194
46 10 1169
46 11 1305
46 12 1310
46 13 1342
46 14 1312
46 15 1154
46 16 1224
46 17 1454
46 18 1193
46 19 1222
46 20 1397
46 21 1365
46 22 1286
46 23 1300
46 24 1135
46 25 1414
46 26 1264
46 27 1413
46 28 1330
46 29 1363
46 30 1278
46 31 1281
46 32 1158
46 33 1256
46 34 1183
46 35 1277
46 36 1278
46 37 1250
46 38 1329
46 39 1310
46 40 1131
46 41 1274
46 42 1304
46 43 1172
46 44 1239
46 45 1347
46 46 1414
46 47 1378
46 48 1259
46 49 1410
46 50 1253
46 51 1345
46 52 1423
46 53 1268
46 54 1308
46 55 1228
46 56 1278
46 57 1191
46 58 1321
46 59 1331
46 60 1412
46 61 1282
46 62 761
46 63 1316
46 64 792
47 1 1239
47 2 1385
47 3 1424
47 4 1303
47 5 1226
47 6 1237
47 7 1266
47 8 1320
47 9 1242
47 10 1248
47 11 1226
47 12 1259
47 13 1237
47 14 1262
47 15 1402
47 16 1267
47 17 1229
47 18 1387
47 19 1143
47 20 1196
47 21 1231
47 22 1241
47 23 1286
47 24 1206
47 25 1301
47 26 1328
47 27 1285
47 28 1267
47 29 1408
47 30 1207
47 31 1178
47 32 1326
47 33 1185
47 34 1191
47 35 1284
47 36 1273
47 37 1257
47 38 1219
47 39 1283
47 40 1219
47 41 1484
47 42 1336
47 43 1105
47 44 1288
47 45 1338
47 46 1286
47 47 1303
47 48 1389
47 49 1263
47 50 1263
47 51 1180
47 52 1288
47 53 1362
47 54 1244
47 55 0
47 56 0
47 57 1357
47 58 1442
47 59 1183
47 60 1509
47 61 1316
47 62 708
47 63 1393
47 64 759
48 1 1301
48 2 1140
48 3 1350
48 4 1235
48 5 1206
48 6 1317
48 7 1180
48 8 1160
48 9 1353
48 10 1184
48 11 1207
48 12 1107
48 13 1124
48 14 1277
48 15 1255
48 16 1346
48 17 1336
48 18 1321
48 19 1245
48 20 1319
48 21 1212
48 22 1197
48 23 1316
48 24 1160
48 25 1402
48 26 1333
48 27 1217
48 28 1212
48 29 1338
48 30 1343
48 31 1214
48 32 1316
48 33 1240
48 34 1381
48 35 1395
48 36 1190
48 37 1363
48 38 1171
48 39 1267
48 40 1269
48 41 1225
48 42 1303
48 43 1128
48 44 1249
48 45 1144
48 46 1252
48 47 1340
48 48 1296
48 49 1218
48 50 1329
48 51 1298
48 52 1158
48 53 1348
48 54 1170
48 55 1203
48 56 1280
48 57 1276
48 58 1219
48 59 1422
48 60 1142
48 61 1389
48 62 759
48 63 1397
48 64 795
49 1 1328
49 2 1364
49 3 1414
49 4 1185
49 5 1284
49 6 1219
49 7 1132
49 8 1224
49 9 1206
49 10 1272
49 11 1245
49 12 1274
49 13 1174
49 14 1217
49 15 1455
49 16 1335
49 17 1213
49 18 1245
49 19 1268
49 20 1329
49 21 1410
49 22 1263
49 23 1221
49 24 1211
49 25 1168
49 26 1244
49 27 1313
49 28 1373
49 29 1185
49 30 1137
49 31 1328
49 32 1184
49 33 1301
49 34 1243
49 35 1189
49 36 1278
49 37 1352
49 38 1227
49 39 1448
49 40 1088
49 41 1324
49 42 1078
49 43 1180
49 44 1426
49 45 1332
49 46 1238
49 47 1196
49 48 1339
49 49 1124
49 50 1371
49 51 1188
49 52 1258
49 53 1402
49 54 1208
49 55 0
49 56 0
49 57 1244
49 58 1396
49 59 1380
49 60 1365
49 61 1386
49 62 794
49 63 1326
49 64 742
50 1 1176
50 2 1202
50 3 1155
50 4 1342
50 5 1189
50 6 1236
50 7 1419
50 8 1287
50 9 1344
50 10 1215
50 11 1198
50 12 1175
50 13 1318
50 14 1160
50 15 1225
50 16 1199
50 17 1270
50 18 1343
50 19 1292
50 20 1210
50 21 1177
50 22 1314
50 23 1230
50 24 1305
50 25 1260
50 26 1261
50 27 1314
50 28 1278
50 29 1497
50 30 1283
50 31 1277
50 32 1241
50 33 1119
50 34 1305
50 35 1370
50 36 0
50 37 1205
50 38 1355
50 39 1207
50 40 1498
50 41 1416
50 42 1117
50 43 1244
50 44 1358
50 45 1223
50 46 1227
50 47 1376
50 48 1154
50 49 1308
50 50 1245
50 51 1440
50 52 1244
50 53 1398
50 54 1332
50 55 1416
50 56 1407
50 57 1379
50 58 1188
50 59 1334
50 60 1290
50 61 1441
50 62 787
50 63 1427
50 64 784
51 1 1218
51 2 1099
51 3 1216
51 4 1345
51 5 1122
51 6 1241
51 7 1168
51 8 1172
51 9 1349
51 10 1186
51 11 1270
51 12 1283
51 13 1289
51 14 1219
51 15 1096
51 16 1219
51 17 1336
51 18 1178
51 19 1230
51 20 1196
51 21 1343
51 22 1162
51 23 1167
51 24 1289
51 25 1145
51 26 1137
51 27 1150
51 28 1150
51 29 1209
51 30 1144
51 31 1238
51 32 1268
51 33 1228
51 34 1125
51 35 1286
51 36 1191
51 37 1208
51 38 1163
51 39 1212
51 40 1277
51 41 1096
51 42 1199
51 43 1195
51 44 1263
51 45 1124
51 46 1255
51 47 1207
51 48 1295
51 49 1240
51 50 1146
51 51 1234
51 52 1297
51 53 1170
51 54 1328
51 55 1149
51 56 1265
51 57 1377
51 58 1174
51 59 1183
51 60 1367
51 61 1205
51 62 751
51 63 1233
51 64 717
52 1 1210
52 2 1313
52 3 1244
52 4 1242
52 5 1362
52 6 1310
52 7 1229
52 8 1207
52 9 1258
52 10 1316
52 11 1321
52 12 1260
52 13 1299
52 14 1222
52 15 1127
52 16 1328
52 17 1342
52 18 1272
52 19 1289
52 20 1313
52 21 1334
52 22 1178
52 23 1124
52 24 1275
52 25 1245
52 26 1283
52 27 1288
52 28 1140
52 29 1185
52 30 1263
52 31 1183
52 32 1320
52 33 1319
52 34 1177
52 35 1220
52 36 1127
52 37 1253
52 38 1141
52 39 1327
52 40 1142
52 41 1149
52 42 1301
52 43 1126
52 44 1331
52 45 1201
52 46 1369
52 47 1217
52 48 1352
52 49 1156
52 50 1418
52 51 1273
52 52 1298
52 53 1277
52 54 1134
52 55 1259
52 56 1270
52 57 1193
52 58 1323
52 59 1266
52 60 1289
52 61 1231
52 62 723
52 63 1249
52 64 745
53 1 1207
53 2 1142
53 3 1159
53 4 1258
53 5 1240
53 6 1230
53 7 1235
53 8 1211
53 9 1188
53 10 1189
53 11 1285
53 12 1234
53 13 1402
53 14 1482
53 15 1378
53 16 1287
53 17 0
53 18 0
53 19 1273
53 20 1195
53 21 1338
53 22 1231
53 23 1286
53 24 1220
53 25 1365
53 26 1301
53 27 1099
53 28 1266
53 29 1397
53 30 1186
53 31 1254
53 32 1253
53 33 1315
53 34 1184
53 35 1280
53 36 1150
53 37 1315
53 38 1331
53 39 1252
53 40 1278
53 41 1207
53 42 1193
53 43 1163
53 44 1325
53 45 1351
53 46 1177
53 47 1251
53 48 1289
53 49 1222
53 50 1252
53 51 1312
53 52 1273
53 53 1145
53 54 1260
53 55 1204
53 56 1191
53 57 1325
53 58 1127
53 59 1552
53 60 1345
53 61 1315
53 62 761
53 63 1240
53 64 736
54 1 1151
54 2 1384
54 3 1366
54 4 1238
54 5 1171
54 6 1195
54 7 1208
54 8 1185
54 9 1287
54 10 1269
54 11 1328
54 12 1392
54 13 1306
54 14 1316
54 15 1425
54 16 1259
54 17 1129
54 18 1414
54 19 1129
54 20 1096
54 21 1222
54 22 1304
54 23 1257
54 24 1149
54 25 1252
54 26 1276
54 27 1195
54 28 1208
54 29 1185
54 30 1162
54 31 1270
54 32 1233
54 33 1338
54 34 1306
54 35 1251
54 36 1332
54 37 1299
54 38 1221
54 39 1144
54 40 1380
54 41 1299
54 42 1248
54 43 1278
54 44 1174
54 45 1230
54 46 1290
54 47 0
54 48 1360
54 49 1292
54 50 1241
54 51 0
54 52 0
54 53 1224
54 54 1332
54 55 1420
54 56 1308
54 57 1287
54 58 1331
54 59 1221
54 60 1246
54 61 1259
54 62 776
54 63 1356
54 64 743
55 1 1258
55 2 1224
55 3 1275
55 4 1360
55 5 1095
55 6 1258
55 7 1313
55 8 1179
55 9 1349
55 10 1072
55 11 1129
55 12 1199
55 13 1242
55 14 1087
55 15 1214
55 16 1159
55 17 1347
55 18 1218
55 19 1139
55 20 1327
55 21 1284
55 22 1227
55 23 1340
55 24 1255
55 25 1269
55 26 1233
55 27 1290
55 28 1293
55 29 1252
55 30 1183
55 31 1216
55 32 1233
55 33 1185
55 34 1124
55 35 1436
55 36 1177
55 37 1215
55 38 1203
55 39 1146
55 40 1255
55 41 1176
55 42 1251
55 43 1325
55 44 1343
55 45 1287
55 46 1276
55 47 1181
55 48 1298
55 49 1190
55 50 1156
55 51 1342
55 52 1207
55 53 1188
55 54 1151
55 55 1067
55 56 1334
55 57 1201
55 58 1112
55 59 1396
55 60 1227
55 61 1249
55 62 780
55 63 1285
55 64 693
56 1 1265
56 2 1171
56 3 1269
56 4 1151
56 5 1343
56 6 1172
56 7 1358
56 8 1191
56 9 1314
56 10 1158
56 11 1361
56 12 1265
56 13 1259
56 14 1239
56 15 1102
56 16 1226
56 17 1216
56 18 1164
56 19 1500
56 20 1329
56 21 1388
56 22 1215
56 23 1255
56 24 1364
56 25 1307
56 26 1240
56 27 1261
56 28 1209
56 29 1275
56 30 1259
56 31 1190
56 32 1274
56 33 1352
56 34 1316
56 35 1384
56 36 1233
56 37 1409
56 38 1296
56 39 1257
56 40 1164
56 41 1261
56 42 1173
56 43 1214
56 44 1179
56 45 1356
56 46 1366
56 47 1218
56 48 1300
56 49 1335
56 50 1243
56 51 1271
56 52 1405
56 53 1290
56 54 1255
56 55 1276
56 56 1142
56 57 1279
56 58 1212
56 59 1301
56 60 1216
56 61 1302
56 62 690
56 63 1247
56 64 727
57 1 1242
57 2 1270
57 3 1217
57 4 1212
57 5 1313
57 6 1218
57 7 1167
57 8 1232
57 9 1308
57 10 1167
57 11 1132
57 12 1258
57 13 1231
57 14 1322
57 15 1163
57 16 1348
57 17 1242
57 18 1254
57 19 1203
57 20 1256
57 21 1246
57 22 1150
57 23 1191
57 24 1305
57 25 1293
57 26 1307
57 27 1286
57 28 1400
57 29 1287
57 30 1348
57 31 1242
57 32 1320
57 33 1190
57 34 1286
57 35 1290
57 36 1162
57 37 1309
57 38 1208
57 39 1211
57 40 1503
57 41 1263
57 42 1361
57 43 1353
57 44 1355
57 45 1240
57 46 1446
57 47 1361
57 48 1281
57 49 1242
57 50 1457
57 51 1154
57 52 1295
57 53 1279
57 54 1506
57 55 1302
57 56 1249
57 57 1210
57 58 1477
57 59 1224
57 60 1323
57 61 1296
57 62 788
57 63 1301
57 64 773
58 1 1392
58 2 1252
58 3 1258
58 4 1325
58 5 1574
58 6 1126
58 7 1214
58 8 1151
58 9 1250
58 10 1411
58 11 1209
58 12 1213
58 13 1324
58 14 1365
58 15 1341
58 16 1426
58 17 1245
58 18 1254
58 19 1154
58 20 1237
58 21 1293
58 22 1266
58 23 1268
58 24 1228
58 25 1289
58 26 1194
58 27 1187
58 28 1274
58 29 1291
58 30 1216
58 31 1095
58 32 1142
58 33 1295
58 34 1464
58 35 1247
58 36 1312
58 37 1402
58 38 1257
58 39 1186
58 40 1202
58 41 1358
58 42 1341
58 43 1371
58 44 1334
58 45 1130
58 46 1304
58 47 1275
58 48 1279
58 49 1395
58 50 1220
58 51 1343
58 52 1301
58 53 1210
58 54 1294
58 55 1298
58 56 1387
58 57 1273
58 58 1211
58 59 1328
58 60 1200
58 61 1360
58 62 780
58 63 1292
58 64 772
59 1 1240
59 2 1285
59 3 1258
59 4 1222
59 5 1242
59 6 1212
59 7 1336
59 8 1277
59 9 1294
59 10 1239
59 11 1217
59 12 1113
59 13 1358
59 14 1388
59 15 1117
59 16 1138
59 17 1232
59 18 1353
59 19 1429
59 20 1449
59 21 1344
59 22 1370
59 23 1298
59 24 1399
59 25 1309
59 26 1340
59 27 1284
59 28 1269
59 29 1314
59 30 1371
59 31 1412
59 32 1218
59 33 1484
59 34 1272
59 35 1378
59 36 1308
59 37 1304
59 38 1335
59 39 1209
59 40 1407
59 41 1173
59 42 1379
59 43 1254
59 44 1226
59 45 0
59 46 0
59 47 1240
59 48 1170
59 49 1366
59 50 1213
59 51 1218
59 52 1165
59 53 1293
59 54 1380
59 55 1192
59 56 1459
59 57 1352
59 58 1373
59 59 1193
59 60 1484
59 61 1296
59 62 813
59 63 1346
59 64 769
60 1 1474
60 2 1139
60 3 1217
60 4 1243
60 5 1120
60 6 1205
60 7 1489
60 8 1164
60 9 1102
60 10 1303
60 11 1257
60 12 1212
60 13 1220
60 14 1273
60 15 1223
60 16 1490
60 17 1302
60 18 1238
60 19 1167
60 20 1158
60 21 1164
60 22 1411
60 23 1289
60 24 1231
60 25 1182
60 26 1191
60 27 1133
60 28 1217
60 29 1168
60 30 1227
60 31 1261
60 32 1221
60 33 1124
60 34 1116
60 35 1220
60 36 1129
60 37 1223
60 38 1163
60 39 1200
60 40 1225
60 41 1117
60 42 1297
60 43 1153
60 44 1280
60 45 1136
60 46 1260
60 47 1318
60 48 1282
60 49 1377
60 50 1226
60 51 1310
60 52 1266
60 53 1116
60 54 1138
60 55 0
60 56 1194
60 57 1246
60 58 1358
60 59 1529
60 60 1139
60 61 1219
60 62 753
60 63 1232
60 64 736
61 1 1281
61 2 1218
61 3 1323
61 4 1299
61 5 1105
61 6 1320
61 7 1289
61 8 1237
61 9 1189
61 10 1261
61 11 1296
61 12 1370
61 13 1158
61 14 1197
61 15 1208
61 16 1161
61 17 1318
61 18 1299
61 19 1503
61 20 1203
61 21 1176
61 22 1218
61 23 1234
61 24 1208
61 25 1254
61 26 1211
61 27 1369
61 28 1381
61 29 1462
61 30 1246
61 31 1492
61 32 1213
61 33 1306
61 34 1163
61 35 1156
61 36 1262
61 37 1167
61 38 1195
61 39 1122
61 40 1231
61 41 1172
61 42 1227
61 43 1271
61 44 1179
61 45 1316
61 46 1325
61 47 1221
61 48 1342
61 49 1313
61 50 1266
61 51 1367
61 52 1336
61 53 1365
61 54 1442
61 55 1149
61 56 1286
61 57 1360
61 58 1236
61 59 1261
61 60 1253
61 61 1254
61 62 732
61 63 1253
61 64 768
62 1 1288
62 2 1172
62 3 1103
62 4 1184
62 5 1286
62 6 1251
62 7 1340
62 8 1127
62 9 1220
62 10 1216
62 11 1096
62 12 1165
62 13 1261
62 14 1165
62 15 1351
62 16 1204
62 17 1121
62 18 1117
62 19 1148
62 20 1099
62 21 1227
62 22 1132
62 23 1142
62 24 1257
62 25 1121
62 26 1192
62 27 1207
62 28 1305
62 29 1124
62 30 1132
62 31 1159
62 32 1164
62 33 1217
62 34 1287
62 35 1148
62 36 1118
62 37 1175
62 38 1113
62 39 1196
62 40 1352
62 41 1104
62 42 1146
62 43 1248
62 44 1334
62 45 1276
62 46 1282
62 47 1267
62 48 1230
62 49 1105
62 50 1273
62 51 0
62 52 0
62 53 1175
62 54 1189
62 55 1142
62 56 1141
62 57 1119
62 58 1247
62 59 1219
62 60 1250
62 61 1318
62 62 792
62 63 1275
62 64 773
63 1 1244
63 2 1256
63 3 1387
63 4 1154
63 5 1150
63 6 1308
63 7 1280
63 8 1277
63 9 1214
63 10 1325
63 11 1180
63 12 1234
63 13 1211
63 14 1340
63 15 1344
63 16 1382
63 17 1148
63 18 1352
63 19 1255
63 20 1299
63 21 1266
63 22 1205
63 23 1152
63 24 1271
63 25 1212
63 26 1583
63 27 1390
63 28 1307
63 29 1219
63 30 1254
63 31 1206
63 32 1269
63 33 1187
63 34 1344
63 35 1284
63 36 1272
63 37 1304
63 38 1184
63 39 1133
63 40 1296
63 41 1245
63 42 1349
63 43 1256
63 44 1301
63 45 1382
63 46 1291
63 47 1296
63 48 1315
63 49 1316
63 50 1238
63 51 1260
63 52 1269
63 53 1299
63 54 1249
63 55 1156
63 56 1402
63 57 1189
63 58 1155
63 59 1207
63 60 1319
63 61 1287
63 62 783
63 63 1290
63 64 750
64 1 1207
64 2 1419
64 3 1352
64 4 1240
64 5 1216
64 6 1212
64 7 1302
64 8 1391
64 9 1294
64 10 1245
64 11 1235
64 12 1423
64 13 1211
64 14 1158
64 15 1285
64 16 1202
64 17 1121
64 18 1246
64 19 1246
64 20 1339
64 21 1286
64 22 1198
64 23 1145
64 24 1301
64 25 1478
64 26 1172
64 27 1185
64 28 1224
64 29 1215
64 30 1300
64 31 1306
64 32 1253
64 33 1144
64 34 1274
64 35 1243
64 36 1170
64 37 1352
64 38 1239
64 39 1152
64 40 1212
64 41 1198
64 42 1363
64 43 1214
64 44 1231
64 45 1371
64 46 1318
64 47 1175
64 48 1356
64 49 1335
64 50 1258
64 51 1322
64 52 1275
64 53 1166
64 54 1258
64 55 1254
64 56 1252
64 57 1354
64 58 1244
64 59 1429
64 60 1226
64 61 1286
64 62 728
64 63 1311
64 64 731
65 1 1260
65 2 1295
65 3 1330
65 4 1152
65 5 1299
65 6 1243
65 7 1222
65 8 1298
65 9 1193
65 10 1215
65 11 1299
65 12 1298
65 13 1147
65 14 1251
65 15 1209
65 16 1249
65 17 1278
65 18 1296
65 19 1156
65 20 1224
65 21 1217
65 22 1207
65 23 1319
65 24 1172
65 25 1293
65 26 1342
65 27 1303
65 28 1367
65 29 1372
65 30 1183
65 31 1341
65 32 1228
65 33 1321
65 34 1331
65 35 1219
65 36 1119
65 37 1309
65 38 1206
65 39 1312
65 40 1226
65 41 1370
65 42 1299
65 43 1298
65 44 1304
65 45 1190
65 46 1264
65 47 1416
65 48 1353
65 49 1222
65 50 1317
65 51 1233
65 52 1289
65 53 1270
65 54 1204
65 55 1180
65 56 1224
65 57 1285
65 58 1311
65 59 1252
65 60 1324
65 61 1284
65 62 748
65 63 1367
65 64 755
66 1 1317
66 2 1242
66 3 1148
66 4 1174
66 5 1232
66 6 1234
66 7 1187
66 8 1330
66 9 1236
66 10 1242
66 11 1177
66 12 1109
66 13 1212
66 14 1251
66 15 1190
66 16 1332
66 17 1305
66 18 1445
66 19 1214
66 20 1392
66 21 1253
66 22 1264
66 23 1132
66 24 1306
66 25 1218
66 26 1213
66 27 1276
66 28 1260
66 29 1237
66 30 1246
66 31 1244
66 32 1170
66 33 0
66 34 0
66 35 1431
66 36 1267
66 37 1210
66 38 1172
66 39 1249
66 40 1373
66 41 1223
66 42 1377
66 43 1426
66 44 1223
66 45 0
66 46 0
66 47 1157
66 48 1174
66 49 1156
66 50 1343
66 51 1236
66 52 1385
66 53 1298
66 54 1245
66 55 1335
66 56 1247
66 57 1221
66 58 1230
66 59 1276
66 60 1473
66 61 1110
66 62 696
66 63 1256
66 64 765
67 1 1373
67 2 1189
67 3 1351
67 4 1288
67 5 1313
67 6 1345
67 7 1208
67 8 1338
67 9 1292
67 10 1209
67 11 1167
67 12 1203
67 13 1272
67 14 1291
67 15 1268
67 16 1370
67 17 1215
67 18 1234
67 19 1253
67 20 1174
67 21 1244
67 22 1177
67 23 1135
67 24 1175
67 25 1299
67 26 1203
67 27 1392
67 28 1275
67 29 1245
67 30 1305
67 31 1306
67 32 1493
67 33 1366
67 34 1246
67 35 1315
67 36 1191
67 37 1206
67 38 1264
67 39 1192
67 40 1221
67 41 1310
67 42 1292
67 43 1156
67 44 1254
67 45 1396
67 46 1353
67 47 1389
67 48 1293
67 49 1125
67 50 1314
67 51 1186
67 52 1191
67 53 1315
67 54 1202
67 55 1263
67 56 1231
67 57 1157
67 58 1199
67 59 1232
67 60 1168
67 61 1322
67 62 769
67 63 770
67 64 1349
68 1 1280
68 2 1326
68 3 1165
68 4 1153
68 5 1242
68 6 1388
68 7 1310
68 8 1199
68 9 1394
68 10 1335
68 11 1284
68 12 1380
68 13 1249
68 14 1285
68 15 1288
68 16 1269
68 17 1173
68 18 1244
68 19 1232
68 20 1358
68 21 1212
68 22 1256
68 23 1231
68 24 1209
68 25 1235
68 26 1271
68 27 1279
68 28 1193
68 29 1222
68 30 1306
68 31 1225
68 32 1374
68 33 1318
68 34 1256
68 35 1220
68 36 1226
68 37 1344
68 38 1209
68 39 1245
68 40 1277
68 41 1242
68 42 0
68 43 1193
68 44 1260
68 45 1192
68 46 1239
68 47 1252
68 48 1155
68 49 1300
68 50 1220
68 51 1192
68 52 1246
68 53 1193
68 54 1242
68 55 1229
68 56 1177
68 57 1271
68 58 1288
68 59 1241
68 60 1231
68 61 1297
68 62 690
68 63 1239
68 64 756
69 1 1198
69 2 1139
69 3 1192
69 4 1172
69 5 1235
69 6 1288
69 7 1162
69 8 1370
69 9 1195
69 10 1077
69 11 1254
69 12 1198
69 13 1292
69 14 1331
69 15 1263
69 16 1401
69 17 1178
69 18 1129
69 19 1188
69 20 1279
69 21 1151
69 22 1291
69 23 0
69 24 0
69 25 1364
69 26 1139
69 27 1084
69 28 1170
69 29 1107
69 30 1274
69 31 1282
69 32 1370
69 33 1267
69 34 1367
69 35 1152
69 36 1256
69 37 1277
69 38 1206
69 39 1357
69 40 1335
69 41 1216
69 42 1316
69 43 1304
69 44 0
69 45 1365
69 46 1276
69 47 0
69 48 0
69 49 1305
69 50 1160
69 51 1156
69 52 1219
69 53 1247
69 54 1303
69 55 1359
69 56 1140
69 57 1273
69 58 1268
69 59 1147
69 60 1163
69 61 1327
69 62 757
69 63 1320
69 64 790
70 1 1240
70 2 1326
70 3 1266
70 4 1336
70 5 1199
70 6 1181
70 7 1339
70 8 1140
70 9 1168
70 10 1289
70 11 1231
70 12 1101
70 13 1279
70 14 1237
70 15 1215
70 16 1177
70 17 1317
70 18 1254
70 19 1324
70 20 1299
70 21 1251
70 22 1314
70 23 1274
70 24 1114
70 25 1281
70 26 1222
70 27 1282
70 28 1318
70 29 1282
70 30 1282
70 31 1222
70 32 1171
70 33 1308
70 34 1148
70 35 1248
70 36 1283
70 37 1450
70 38 1285
70 39 1149
70 40 1176
70 41 1231
70 42 1246
70 43 1141
70 44 1348
70 45 1105
70 46 1178
70 47 1175
70 48 1138
70 49 1300
70 50 1228
70 51 1202
70 52 1399
70 53 1312
70 54 1133
70 55 1186
70 56 1183
70 57 1237
70 58 1324
70 59 1263
70 60 1287
70 61 1338
70 62 735
70 63 1306
70 64 756
71 1 1322
71 2 1296
71 3 1255
71 4 1251
71 5 1090
71 6 1237
71 7 1249
71 8 1206
71 9 1218
71 10 1164
71 11 1293
71 12 1232
71 13 1257
71 14 1263
71 15 1293
71 16 1302
71 17 1284
71 18 1201
71 19 1267
71 20 1356
71 21 1360
71 22 1137
71 23 1370
71 24 1317
71 25 1378
71 26 1354
71 27 1414
71 28 1323
71 29 1387
71 30 1320
71 31 1253
71 32 1193
71 33 1314
71 34 1279
71 35 1249
71 36 1190
71 37 1276
71 38 1187
71 39 0
71 40 1400
71 41 1120
71 42 1155
71 43 1409
71 44 1365
71 45 1351
71 46 1302
71 47 1179
71 48 1338
71 49 1140
71 50 1156
71 51 1282
71 52 1105
71 53 1375
71 54 1252
71 55 1310
71 56 1295
71 57 1300
71 58 1212
71 59 1361
71 60 1433
71 61 1357
71 62 758
71 63 1249
71 64 772
72 1 1318
72 2 1151
72 3 1246
72 4 1256
72 5 1213
72 6 1221
72 7 1235
72 8 1245
72 9 1218
72 10 1249
72 11 1290
72 12 1130
72 13 1145
72 14 1185
72 15 1244
72 16 1245
72 17 1303
72 18 1370
72 19 1386
72 20 1205
72 21 1414
72 22 1164
72 23 1332
72 24 1332
72 25 1290
72 26 1155
72 27 1529
72 28 1256
72 29 1238
72 30 1246
72 31 1262
72 32 1231
72 33 1148
72 34 1157
72 35 1262
72 36 1196
72 37 1198
72 38 1296
72 39 1189
72 40 1222
72 41 1427
72 42 1256
72 43 1315
72 44 1264
72 45 1351
72 46 1258
72 47 1147
72 48 1206
72 49 1226
72 50 1338
72 51 1208
72 52 1343
72 53 1240
72 54 1250
72 55 1140
72 56 1240
72 57 1197
72 58 1295
72 59 1275
72 60 1263
72 61 1318
72 62 751
72 63 1271
72 64 738
73 1 1238
73 2 1310
73 3 1273
73 4 1299
73 5 1326
73 6 1197
73 7 1259
73 8 1127
73 9 1241
73 10 1169
73 11 1218
73 12 1403
73 13 1262
73 14 1197
73 15 1271
73 16 1363
73 17 1150
73 18 1253
73 19 1233
73 20 1343
73 21 1359
73 22 1270
73 23 1276
73 24 1296
73 25 1303
73 26 1327
73 27 1154
73 28 1286
73 29 1286
73 30 1301
73 31 1255
73 32 1263
73 33 1326
73 34 1375
73 35 1409
73 36 1232
73 37 1229
73 38 1190
73 39 1284
73 40 1338
73 41 1291
73 42 1345
73 43 1346
73 44 1265
73 45 1329
73 46 1277
73 47 1278
73 48 1229
73 49 1240
73 50 1307
73 51 1205
73 52 1305
73 53 1246
73 54 1217
73 55 1286
73 56 1190
73 57 1347
73 58 1233
73 59 1159
73 60 1221
73 61 1230
73 62 743
73 63 1287
73 64 768
74 1 1152
74 2 1367
74 3 1424
74 4 1283
74 5 1318
74 6 1260
74 7 1377
74 8 1204
74 9 0
74 10 1212
74 11 1233
74 12 1179
74 13 1399
74 14 1329
74 15 1401
74 16 1482
74 17 1177
74 18 1298
74 19 1148
74 20 1181
74 21 1158
74 22 1128
74 23 1373
74 24 1384
74 25 1272
74 26 1239
74 27 1170
74 28 1269
74 29 1239
74 30 1222
74 31 1366
74 32 1246
74 33 1363
74 34 1208
74 35 1349
74 36 1286
74 37 1219
74 38 1209
74 39 1231
74 40 1247
74 41 1144
74 42 1304
74 43 1252
74 44 1190
74 45 1207
74 46 1282
74 47 1186
74 48 1291
74 49 1273
74 50 1180
74 51 1244
74 52 1383
74 53 1154
74 54 1181
74 55 1178
74 56 1281
74 57 1389
74 58 1221
74 59 1224
74 60 1209
74 61 1303
74 62 714
74 63 1309
74 64 762
75 1 1211
75 2 1245
75 3 1230
75 4 1136
75 5 1305
75 6 1205
75 7 1345
75 8 1228
75 9 1230
75 10 1322
75 11 1366
75 12 1245
75 13 1330
75 14 1336
75 15 1188
75 16 1262
75 17 1350
75 18 1323
75 19 1202
75 20 1204
75 21 1185
75 22 1338
75 23 1313
75 24 1189
75 25 1152
75 26 1180
75 27 1201
75 28 1255
75 29 1379
75 30 1276
75 31 1312
75 32 1322
75 33 1328
75 34 1400
75 35 1161
75 36 1300
75 37 1314
75 38 1342
75 39 1157
75 40 1181
75 41 1340
75 42 1244
75 43 1260
75 44 1226
75 45 1283
75 46 1187
75 47 1215
75 48 1356
75 49 1198
75 50 1313
75 51 1304
75 52 1205
75 53 1160
75 54 1313
75 55 1212
75 56 1253
75 57 1093
75 58 1241
75 59 1314
75 60 1300
75 61 1260
75 62 745
75 63 1227
75 64 730
76 1 1230
76 2 1122
76 3 1320
76 4 1158
76 5 1261
76 6 1212
76 7 1381
76 8 1331
76 9 1119
76 10 1193
76 11 1226
76 12 1290
76 13 1142
76 14 1128
76 15 1269
76 16 1231
76 17 1379
76 18 1276
76 19 1200
76 20 1130
76 21 1356
76 22 1228
76 23 1298
76 24 1275
76 25 1227
76 26 1319
76 27 1256
76 28 1212
76 29 1230
76 30 1427
76 31 1096
76 32 1134
76 33 1134
76 34 1142
76 35 1231
76 36 1261
76 37 1189
76 38 1277
76 39 1202
76 40 1158
76 41 1114
76 42 1153
76 43 1271
76 44 1289
76 45 1309
76 46 1237
76 47 1210
76 48 1103
76 49 1293
76 50 1308
76 51 1118
76 52 1210
76 53 1383
76 54 1235
76 55 1198
76 56 1350
76 57 1303
76 58 1242
76 59 1284
76 60 1185
76 61 1153
76 62 745
76 63 1232
76 64 709
77 1 1338
77 2 1186
77 3 1156
77 4 1180
77 5 1356
77 6 1275
77 7 1258
77 8 1276
77 9 1172
77 10 1088
77 11 1278
77 12 1265
77 13 1156
77 14 1277
77 15 1290
77 16 1328
77 17 1118
77 18 1172
77 19 1234
77 20 1206
77 21 1274
77 22 1151
77 23 1186
77 24 1210
77 25 1475
77 26 1296
77 27 1328
77 28 1258
77 29 1209
77 30 1427
77 31 1176
77 32 1241
77 33 1178
77 34 1221
77 35 1184
77 36 1185
77 37 1238
77 38 1186
77 39 1290
77 40 1172
77 41 1134
77 42 1213
77 43 1268
77 44 1386
77 45 1285
77 46 1189
77 47 1295
77 48 1168
77 49 1199
77 50 1180
77 51 1220
77 52 1331
77 53 1319
77 54 1342
77 55 1243
77 56 1278
77 57 1099
77 58 1392
77 59 1265
77 60 1121
77 61 1295
77 62 801
77 63 1292
77 64 777
78 1 1334
78 2 1344
78 3 1251
78 4 1384
78 5 1177
78 6 1415
78 7 1362
78 8 1207
78 9 1303
78 10 1426
78 11 1179
78 12 1405
78 13 1326
78 14 1190
78 15 1367
78 16 1216
78 17 1292
78 18 1267
78 19 1248
78 20 1249
78 21 1240
78 22 1181
78 23 1301
78 24 1346
78 25 1227
78 26 1153
78 27 1290
78 28 1435
78 29 1312
78 30 1179
78 31 1170
78 32 1238
78 33 1218
78 34 1184
78 35 1359
78 36 1403
78 37 1170
78 38 1316
78 39 1299
78 40 1273
78 41 1285
78 42 1193
78 43 1228
78 44 1346
78 45 1282
78 46 1418
78 47 1364
78 48 1245
78 49 1262
78 50 1394
78 51 1117
78 52 1440
78 53 1171
78 54 1151
78 55 1336
78 56 1290
78 57 1272
78 58 1147
78 59 1458
78 60 1218
78 61 1330
78 62 750
78 63 1285
78 64 726
79 1 1232
79 2 1131
79 3 1219
79 4 1260
79 5 1229
79 6 1197
79 7 1157
79 8 1186
79 9 1131
79 10 1167
79 11 1236
79 12 1184
79 13 1142
79 14 1127
79 15 1117
79 16 1138
79 17 1056
79 18 1153
79 19 1146
79 20 1204
79 21 1317
79 22 1297
79 23 1211
79 24 1236
79 25 1189
79 26 1262
79 27 1231
79 28 1244
79 29 1145
79 30 1214
79 31 1246
79 32 1220
79 33 1252
79 34 1404
79 35 1434
79 36 1339
79 37 1363
79 38 1231
79 39 1266
79 40 1285
79 41 1319
79 42 1226
79 43 1160
79 44 1507
79 45 1333
79 46 1165
79 47 1146
79 48 1345
79 49 1266
79 50 1184
79 51 1145
79 52 1307
79 53 1272
79 54 1176
79 55 0
79 56 0
79 57 1145
79 58 1076
79 59 1234
79 60 1268
79 61 1198
79 62 727
79 63 1281
79 64 723
80 1 1233
80 2 1220
80 3 1135
80 4 1277
80 5 1348
80 6 1154
80 7 1126
80 8 1294
80 9 1181
80 10 1133
80 11 1167
80 12 1211
80 13 1189
80 14 1220
80 15 1147
80 16 1240
80 17 1153
80 18 1152
80 19 1174
80 20 1467
80 21 1177
80 22 1269
80 23 1172
80 24 1218
80 25 1142
80 26 1100
80 27 1270
80 28 1134
80 29 1168
80 30 1413
80 31 1283
80 32 1242
80 33 1335
80 34 1436
80 35 1424
80 36 1255
80 37 1281
80 38 1276
80 39 1374
80 40 1220
80 41 1340
80 42 1360
80 43 1368
80 44 1096
80 45 1114
80 46 1257
80 47 1346
80 48 1163
80 49 1170
80 50 1235
80 51 1259
80 52 1143
80 53 1188
80 54 1230
80 55 1182
80 56 1203
80 57 1167
80 58 1202
80 59 1346
80 60 1194
80 61 1176
80 62 754
80 63 1014
80 64 703
81 1 1513
81 2 1255
81 3 1453
81 4 1433
81 5 1445
81 6 1309
81 7 1412
81 8 1305
81 9 1258
81 10 1229
81 11 1345
81 12 1212
81 13 1336
81 14 1385
81 15 1342
81 16 1346
81 17 1245
81 18 1188
81 19 1324
81 20 1206
81 21 1340
81 22 1296
81 23 1257
81 24 1270
81 25 1233
81 26 1270
81 27 1264
81 28 1296
81 29 1247
81 30 1263
81 31 1309
81 32 1235
81 33 1244
81 34 1353
81 35 1285
81 36 1378
81 37 1275
81 38 1356
81 39 1263
81 40 1282
81 41 1227
81 42 1368
81 43 1345
81 44 1248
81 45 1237
81 46 1304
81 47 1247
81 48 1364
81 49 1272
81 50 1236
81 51 1374
81 52 1337
81 53 1286
81 54 1242
81 55 1303
81 56 1335
81 57 1314
81 58 1279
81 59 1269
81 60 1364
81 61 1012
81 62 725
81 63 1248
81 64 732
82 1 1354
82 2 1202
82 3 1249
82 4 1207
82 5 1273
82 6 1392
82 7 1208
82 8 1368
82 9 1426
82 10 1249
82 11 1434
82 12 1326
82 13 1213
82 14 1344
82 15 1281
82 16 1383
82 17 1266
82 18 1312
82 19 1416
82 20 1335
82 21 1396
82 22 1352
82 23 1385
82 24 1208
82 25 1256
82 26 1316
82 27 1401
82 28 1270
82 29 1300
82 30 1249
82 31 1383
82 32 1192
82 33 1436
82 34 1428
82 35 1276
82 36 1314
82 37 1270
82 38 1313
82 39 1222
82 40 1300
82 41 1401
82 42 1259
82 43 1242
82 44 1239
82 45 1426
82 46 1403
82 47 1216
82 48 1456
82 49 1357
82 50 1251
82 51 1396
82 52 1259
82 53 1210
82 54 1228
82 55 1216
82 56 1286
82 57 1283
82 58 1447
82 59 1332
82 60 1283
83 1 1242
83 2 1254
83 3 1266
83 4 1280
83 5 1298
83 6 1277
83 7 1435
83 8 1215
83 9 1243
83 10 1221
83 11 1249
83 12 1377
83 13 1285
83 14 1319
83 15 1364
83 16 1324
83 17 1175
83 18 1275
83 19 1272
83 20 1254
83 21 1306
83 22 1332
83 23 1479
83 24 1214
83 25 1368
83 26 1305
83 27 1188
83 28 1216
83 29 1376
83 30 1369
83 31 1249
83 32 1236
83 33 1332
83 34 1141
83 35 1285
83 36 1339
83 37 1265
83 38 1254
83 39 1237
83 40 1260
83 41 1333
83 42 1256
83 43 1281
83 44 1237
83 45 1276
83 46 1341
83 47 1207
83 48 1357
83 49 1260
83 50 1243
83 51 1263
83 52 1295
83 53 1278
83 54 1277
83 55 1390
83 56 1319
83 57 1318
83 58 1298
83 59 1244
83 60 1252
84 1 1295
84 2 1253
84 3 1461
84 4 1325
84 5 1287
84 6 1206
84 7 1269
84 8 1191
84 9 1263
84 10 1219
84 11 1351
84 12 1326
84 13 1437
84 14 1330
84 15 1260
84 16 1426
84 17 1410
84 18 1286
84 19 1367
84 20 1340
84 21 1206
84 22 1455
84 23 1278
84 24 1320
84 25 1404
84 26 1380
84 27 1476
84 28 1354
84 29 1281
84 30 1258
84 31 1397
84 32 1296
84 33 1248
84 34 1232
84 35 1376
84 36 1367
84 37 1262
84 38 1202
84 39 1294
84 40 1321
84 41 1206
84 42 1178
84 43 1248
84 44 1248
84 45 1290
84 46 1234
84 47 1280
84 48 1265
84 49 1340
84 50 1442
84 51 1250
84 52 1357
84 53 1420
84 54 1269
84 55 1360
84 56 1335
84 57 1283
84 58 1353
84 59 1378
84 60 1347
85 1 1362
85 2 1385
85 3 1277
85 4 1406
85 5 1290
85 6 1267
85 7 1413
85 8 1367
85 9 1275
85 10 1441
85 11 1261
85 12 1391
85 13 1337
85 14 1334
85 15 1261
85 16 1449
85 17 1364
85 18 1365
85 19 1327
85 20 1257
85 21 1215
85 22 1324
85 23 1367
85 24 1468
85 25 1204
85 26 1282
85 27 1335
85 28 1273
85 29 1238
85 30 1296
85 31 1260
85 32 1444
85 33 1150
85 34 1258
85 35 1372
85 36 1464
85 37 1410
85 38 1421
85 39 1392
85 40 1285
85 41 1403
85 42 1376
85 43 1248
85 44 1233
85 45 1218
85 46 1400
85 47 1365
85 48 1306
85 49 1295
85 50 1334
85 51 1312
85 52 1235
85 53 1250
85 54 1211
85 55 1361
85 56 1255
85 57 1362
85 58 1240
85 59 1271
85 60 1350
86 1 1426
86 2 1335
86 3 1221
86 4 1356
86 5 1430
86 6 1407
86 7 1345
86 8 1193
86 9 1228
86 10 1290
86 11 1245
86 12 1363
86 13 1256
86 14 1241
86 15 1437
86 16 1379
86 17 1319
86 18 1182
86 19 1207
86 20 1383
86 21 1265
86 22 1289
86 23 1351
86 24 1242
86 25 1263
86 26 1289
86 27 0
86 28 0
86 29 1273
86 30 1327
86 31 1260
86 32 1352
86 33 1252
86 34 1297
86 35 1253
86 36 1289
86 37 1307
86 38 1191
86 39 1310
86 40 1328
86 41 1398
86 42 1369
86 43 1200
86 44 1354
86 45 1223
86 46 1317
86 47 1409
86 48 1327
86 49 1251
86 50 1227
86 51 1250
86 52 1242
86 53 1358
86 54 1211
86 55 1279
86 56 1365
86 57 1319
86 58 1394
86 59 1238
86 60 1222
