0 350
3.93774e-07 351
9.09693e-07 352
1.58516e-06 353
2.46888e-06 354
3.62424e-06 355
5.1337e-06 356
7.1044e-06 357
9.67554e-06 358
1.30278e-05 359
1.73957e-05 360
2.31039e-05 361
3.05581e-05 362
4.02855e-05 363
5.29713e-05 364
6.95052e-05 365
9.10433e-05 366
0.000119087 367
0.000155589 368
0.000203085 369
0.00026488 370
0.000344635 371
0.000447605 372
0.000580611 373
0.000752525 374
0.000974917 375
0.00126291 376
0.00163632 377
0.00212122 378
0.00275201 379
0.00357423 380
0.0046461 381
0.00604694 382
0.00788269 383
0.0102952 384
0.0134749 385
0.0176771 386
0.0232439 387
0.0306307 388
0.0404376 389
0.0534407 390
0.0705929 391
0.0930464 392
0.122073 393
0.158896 394
0.204399 395
0.258728 396
0.320931 397
0.388818 398
0.459243 399
0.528745 400
0.594174 401
0.653444 402
0.70553 403
0.750293 404
0.788187 405
0.819971 406
0.846509 407
0.868639 408
0.887115 409
0.902585 410
0.915554 411
0.926477 412
0.935722 413
0.943589 414
0.950317 415
0.9561 416
0.961097 417
0.965435 418
0.969218 419
0.972533 420
0.975441 421
0.978002 422
0.980267 423
0.982277 424
0.984067 425
0.985666 426
0.987099 427
0.988387 428
0.989548 429
0.990597 430
0.991547 431
0.99241 432
0.993195 433
0.99391 434
0.994564 435
0.995162 436
0.995711 437
0.996216 438
0.99668 439
0.997109 440
0.997504 441
0.99787 442
0.998209 443
0.998523 444
0.998815 445
0.999086 446
0.999339 447
0.999575 448
0.999794 449
1 450
